dato,timestamp,lat,lon
2018-08-08,2018-08-08 01:13:09,60.41,4.5274
2018-08-08,2018-08-08 01:36:23,60.7296,4.5012
2018-08-08,2018-08-08 01:54:53,60.8709,4.5668
2018-08-08,2018-08-08 02:22:58,60.7334,4.6919
2018-08-08,2018-08-08 02:28:25,60.877,4.5194
2018-08-08,2018-08-08 02:28:25,60.8133,4.6583
2018-08-08,2018-08-08 02:30:44,60.8775,4.8417
2018-08-08,2018-08-08 02:34:26,60.9593,4.6296
2018-08-08,2018-08-08 02:34:26,60.9354,4.5606
2018-08-08,2018-08-08 02:34:26,61.0037,4.5829
2018-08-08,2018-08-08 02:34:26,60.96,4.6289
2018-08-08,2018-08-08 02:51:19,61.2693,5.0613
2018-08-08,2018-08-08 03:22:58,58.0872,9.6071
2018-08-08,2018-08-08 04:23:13,57.9062,7.4255
2018-08-08,2018-08-08 04:26:14,58.6627,10.5441
2018-08-08,2018-08-08 04:33:45,57.9141,7.5812
2018-08-08,2018-08-08 04:45:50,57.9518,7.7996
2018-08-08,2018-08-08 04:45:50,57.9566,7.8162
2018-08-08,2018-08-08 04:51:19,58.1643,9.7266
2018-08-08,2018-08-08 04:55:08,58.0811,9.4035
2018-08-08,2018-08-08 04:55:08,58.0705,9.4275
2018-08-08,2018-08-08 04:55:08,58.2753,9.8548
2018-08-08,2018-08-08 04:55:08,58.0369,9.4184
2018-08-08,2018-08-08 04:55:08,58.0271,9.4157
2018-08-08,2018-08-08 04:55:08,58.055,9.4146
2018-08-08,2018-08-08 04:57:26,57.9178,8.7892
2018-08-08,2018-08-08 04:59:11,57.9228,8.7663
2018-08-08,2018-08-08 04:59:11,57.9451,8.7995
2018-08-08,2018-08-08 04:59:11,57.9589,8.9745
2018-08-08,2018-08-08 05:00:06,57.9604,8.8889
2018-08-08,2018-08-08 05:00:46,57.9423,8.7398
2018-08-08,2018-08-08 05:00:47,57.9017,8.6639
2018-08-08,2018-08-08 05:00:47,57.9664,8.8922
2018-08-08,2018-08-08 05:01:23,57.9678,8.9094
2018-08-08,2018-08-08 05:02:10,57.9783,8.8975
2018-08-08,2018-08-08 05:02:10,57.9373,8.7591
2018-08-08,2018-08-08 05:02:10,57.9876,8.8811
2018-08-08,2018-08-08 05:02:10,57.9129,8.6192
2018-08-08,2018-08-08 05:02:10,57.9643,8.8271
2018-08-08,2018-08-08 05:03:13,57.9805,8.9114
2018-08-08,2018-08-08 05:03:13,57.9669,8.7958
2018-08-08,2018-08-08 05:03:13,57.982,8.9079
2018-08-08,2018-08-08 05:03:13,57.9017,8.7684
2018-08-08,2018-08-08 05:03:51,57.9424,8.6482
2018-08-08,2018-08-08 05:04:09,57.989,8.9089
2018-08-08,2018-08-08 05:04:41,57.9015,8.6711
2018-08-08,2018-08-08 05:08:22,58.041,8.9072
2018-08-08,2018-08-08 05:08:23,58.02,8.921
2018-08-08,2018-08-08 05:08:23,58.0409,8.9436
2018-08-08,2018-08-08 05:10:13,58.1246,8.9886
2018-08-08,2018-08-08 05:10:13,58.0402,9.0055
2018-08-08,2018-08-08 05:10:59,58.2945,9.9254
2018-08-08,2018-08-08 05:12:08,58.0565,8.9203
2018-08-08,2018-08-08 05:12:08,58.0375,8.8374
2018-08-08,2018-08-08 05:12:09,58.0234,8.7542
2018-08-08,2018-08-08 05:14:53,63.4939,5.1589
2018-08-08,2018-08-08 05:18:42,63.5332,5.8925
2018-08-08,2018-08-08 05:19:15,58.4152,9.8451
2018-08-08,2018-08-08 05:19:15,58.3824,9.8901
2018-08-08,2018-08-08 05:19:21,58.1756,8.2199
2018-08-08,2018-08-08 05:21:07,58.4825,9.7864
2018-08-08,2018-08-08 05:21:08,58.4421,9.8583
2018-08-08,2018-08-08 05:21:17,58.1943,8.2267
2018-08-08,2018-08-08 05:26:17,58.2686,9.2751
2018-08-08,2018-08-08 05:26:58,58.2338,8.2587
2018-08-08,2018-08-08 05:27:50,58.1742,9.4734
2018-08-08,2018-08-08 05:30:31,58.1889,9.4713
2018-08-08,2018-08-08 05:30:31,58.2198,9.4265
2018-08-08,2018-08-08 05:30:31,58.1896,9.4533
2018-08-08,2018-08-08 05:33:05,58.3231,8.3872
2018-08-08,2018-08-08 05:36:37,58.2808,9.5117
2018-08-08,2018-08-08 05:39:09,58.2414,8.9689
2018-08-08,2018-08-08 05:39:09,58.256,8.8627
2018-08-08,2018-08-08 05:39:10,58.31,8.8151
2018-08-08,2018-08-08 05:40:08,58.6574,10.0166
2018-08-08,2018-08-08 05:40:08,58.6686,10.0047
2018-08-08,2018-08-08 05:40:09,58.7176,9.6652
2018-08-08,2018-08-08 05:41:05,58.6404,10.0022
2018-08-08,2018-08-08 05:45:13,58.8447,7.7862
2018-08-08,2018-08-08 05:45:13,58.7866,7.9008
2018-08-08,2018-08-08 05:48:39,58.5238,8.4021
2018-08-08,2018-08-08 05:48:39,58.5287,8.4079
2018-08-08,2018-08-08 05:48:39,58.489,8.4888
2018-08-08,2018-08-08 05:48:39,58.5055,8.4333
2018-08-08,2018-08-08 05:49:24,58.5115,9.8328
2018-08-08,2018-08-08 05:49:24,58.3728,9.7498
2018-08-08,2018-08-08 05:49:24,58.5129,9.795
2018-08-08,2018-08-08 05:50:41,58.1336,10.8572
2018-08-08,2018-08-08 05:50:41,58.1319,10.9152
2018-08-08,2018-08-08 05:50:49,58.9711,7.684
2018-08-08,2018-08-08 05:50:49,58.8748,7.7796
2018-08-08,2018-08-08 05:50:50,58.8896,7.7726
2018-08-08,2018-08-08 05:51:05,58.7712,8.6445
2018-08-08,2018-08-08 05:51:05,58.5338,8.449
2018-08-08,2018-08-08 05:51:06,58.4518,8.3157
2018-08-08,2018-08-08 05:52:21,59.5516,6.6386
2018-08-08,2018-08-08 05:53:34,58.5616,8.4534
2018-08-08,2018-08-08 05:53:34,58.317,8.6722
2018-08-08,2018-08-08 05:54:06,58.5048,9.8542
2018-08-08,2018-08-08 05:54:06,58.5455,9.84
2018-08-08,2018-08-08 05:54:06,58.5558,9.8282
2018-08-08,2018-08-08 05:54:06,58.5544,9.802
2018-08-08,2018-08-08 05:55:08,58.1774,10.9717
2018-08-08,2018-08-08 05:55:39,58.8652,7.8738
2018-08-08,2018-08-08 06:02:23,59.6691,6.6488
2018-08-08,2018-08-08 06:02:24,59.6895,6.6621
2018-08-08,2018-08-08 06:06:28,58.2746,11.0197
2018-08-08,2018-08-08 06:06:44,59.6783,6.5537
2018-08-08,2018-08-08 06:06:44,59.7071,6.6663
2018-08-08,2018-08-08 06:15:56,58.3712,10.7649
2018-08-08,2018-08-08 06:24:13,59.1848,8.2048
2018-08-08,2018-08-08 06:24:13,59.1845,8.2177
2018-08-08,2018-08-08 06:25:48,59.0327,8.4445
2018-08-08,2018-08-08 06:25:48,59.0288,8.4437
2018-08-08,2018-08-08 06:29:55,58.3256,11.3421
2018-08-08,2018-08-08 06:29:55,58.3563,11.3566
2018-08-08,2018-08-08 06:30:47,64.264,5.8922
2018-08-08,2018-08-08 06:30:47,64.2238,6.0168
2018-08-08,2018-08-08 06:30:47,64.2393,5.9554
2018-08-08,2018-08-08 06:32:20,64.2946,5.8171
2018-08-08,2018-08-08 06:33:35,64.3018,5.9584
2018-08-08,2018-08-08 06:35:35,59.2245,8.1958
2018-08-08,2018-08-08 06:38:34,59.3474,8.2157
2018-08-08,2018-08-08 06:38:34,59.3426,8.1314
2018-08-08,2018-08-08 06:38:34,59.3351,8.2137
2018-08-08,2018-08-08 06:40:02,59.345,8.1817
2018-08-08,2018-08-08 06:40:03,59.3718,8.2245
2018-08-08,2018-08-08 06:43:40,59.3447,8.2014
2018-08-08,2018-08-08 06:46:23,59.4079,8.1506
2018-08-08,2018-08-08 06:46:23,59.4201,8.2166
2018-08-08,2018-08-08 06:46:23,59.4082,8.2038
2018-08-08,2018-08-08 06:47:57,59.3572,8.4337
2018-08-08,2018-08-08 06:55:26,59.3591,8.3282
2018-08-08,2018-08-08 06:59:09,59.4925,8.6735
2018-08-08,2018-08-08 06:59:09,59.4786,8.7137
2018-08-08,2018-08-08 07:01:06,59.4758,8.4331
2018-08-08,2018-08-08 07:01:06,59.4667,8.4227
2018-08-08,2018-08-08 07:05:04,59.5653,8.5621
2018-08-08,2018-08-08 07:05:04,59.5671,8.5668
2018-08-08,2018-08-08 07:05:05,59.5582,8.6381
2018-08-08,2018-08-08 07:05:05,59.5279,8.5893
2018-08-08,2018-08-08 07:05:05,59.5316,8.5862
2018-08-08,2018-08-08 07:07:48,59.58,8.502
2018-08-08,2018-08-08 07:07:48,59.6291,8.383
2018-08-08,2018-08-08 07:07:49,59.5445,8.5313
2018-08-08,2018-08-08 07:10:44,59.6024,8.5582
2018-08-08,2018-08-08 07:10:44,59.5893,8.7514
2018-08-08,2018-08-08 07:10:44,59.6036,8.5526
2018-08-08,2018-08-08 07:12:20,59.6311,8.5927
2018-08-08,2018-08-08 07:12:20,59.637,8.6978
2018-08-08,2018-08-08 07:12:21,59.5737,8.7016
2018-08-08,2018-08-08 07:14:46,59.6473,8.6091
2018-08-08,2018-08-08 07:15:05,58.4172,8.4323
2018-08-08,2018-08-08 07:17:01,59.6937,8.735
2018-08-08,2018-08-08 07:18:31,59.7204,8.7589
2018-08-08,2018-08-08 07:20:09,59.7568,8.7882
2018-08-08,2018-08-08 07:20:10,59.699,8.645
2018-08-08,2018-08-08 07:22:00,59.7149,8.6892
2018-08-08,2018-08-08 07:22:09,58.5007,8.4902
2018-08-08,2018-08-08 07:25:01,58.7207,8.4557
2018-08-08,2018-08-08 07:25:20,59.7563,8.8119
2018-08-08,2018-08-08 07:25:20,59.7846,8.7814
2018-08-08,2018-08-08 07:25:21,59.7464,8.6008
2018-08-08,2018-08-08 07:29:08,58.6937,9.9763
2018-08-08,2018-08-08 07:29:08,58.7055,10.053
2018-08-08,2018-08-08 07:30:33,59.8348,8.9092
2018-08-08,2018-08-08 07:32:11,59.826,8.9722
2018-08-08,2018-08-08 07:32:11,59.874,8.9366
2018-08-08,2018-08-08 07:32:12,59.8228,8.9694
2018-08-08,2018-08-08 07:32:12,59.8229,8.9788
2018-08-08,2018-08-08 07:34:35,58.7852,10.0192
2018-08-08,2018-08-08 07:34:35,58.8027,10.0407
2018-08-08,2018-08-08 07:34:35,58.7116,9.918
2018-08-08,2018-08-08 07:34:35,59.9206,8.6187
2018-08-08,2018-08-08 07:34:35,59.8708,8.3683
2018-08-08,2018-08-08 07:34:35,58.7848,10.0178
2018-08-08,2018-08-08 07:34:35,59.947,8.6234
2018-08-08,2018-08-08 07:34:35,59.825,8.6132
2018-08-08,2018-08-08 07:34:35,58.7831,10.0181
2018-08-08,2018-08-08 07:34:35,58.7916,10.0344
2018-08-08,2018-08-08 07:36:47,58.2165,9.6884
2018-08-08,2018-08-08 07:50:41,58.821,8.6971
2018-08-08,2018-08-08 07:52:24,58.4843,8.7809
2018-08-08,2018-08-08 07:54:29,58.9703,10.1519
2018-08-08,2018-08-08 07:54:29,58.9684,10.1451
2018-08-08,2018-08-08 07:54:29,58.9632,10.1317
2018-08-08,2018-08-08 07:54:29,59.0235,10.1378
2018-08-08,2018-08-08 07:56:47,58.5235,9.4223
2018-08-08,2018-08-08 07:56:47,58.531,9.3589
2018-08-08,2018-08-08 07:56:47,58.5313,9.3689
2018-08-08,2018-08-08 07:57:17,58.5428,8.8352
2018-08-08,2018-08-08 07:57:17,58.4996,8.8563
2018-08-08,2018-08-08 07:57:17,58.5364,8.8287
2018-08-08,2018-08-08 07:57:17,58.5335,8.8347
2018-08-08,2018-08-08 07:57:44,60.2787,8.9696
2018-08-08,2018-08-08 07:57:44,60.2811,8.9652
2018-08-08,2018-08-08 07:57:49,58.9194,12.3224
2018-08-08,2018-08-08 07:57:51,59.0115,10.133
2018-08-08,2018-08-08 07:58:31,58.92,8.8202
2018-08-08,2018-08-08 07:58:48,58.5785,8.8218
2018-08-08,2018-08-08 07:59:10,59.0324,10.1511
2018-08-08,2018-08-08 07:59:10,59.033,10.1989
2018-08-08,2018-08-08 07:59:34,58.9329,8.7439
2018-08-08,2018-08-08 07:59:34,58.9321,8.7418
2018-08-08,2018-08-08 07:59:59,58.5633,9.3975
2018-08-08,2018-08-08 08:00:06,59.0514,10.1667
2018-08-08,2018-08-08 08:00:18,58.5898,8.847
2018-08-08,2018-08-08 08:01:06,59.0599,10.2454
2018-08-08,2018-08-08 08:01:06,59.0494,10.1364
2018-08-08,2018-08-08 08:01:06,59.0487,10.1949
2018-08-08,2018-08-08 08:01:59,58.953,8.825
2018-08-08,2018-08-08 08:02:17,60.2437,9.0975
2018-08-08,2018-08-08 08:02:17,60.2505,9.1455
2018-08-08,2018-08-08 08:04:34,58.998,8.7859
2018-08-08,2018-08-08 08:04:49,58.589,9.7127
2018-08-08,2018-08-08 08:04:49,58.6472,9.3942
2018-08-08,2018-08-08 08:04:49,58.6417,9.3994
2018-08-08,2018-08-08 08:05:52,59.0087,8.8527
2018-08-08,2018-08-08 08:07:13,59.0243,8.8655
2018-08-08,2018-08-08 08:07:18,58.56,9.0837
2018-08-08,2018-08-08 08:08:12,59.0428,8.8687
2018-08-08,2018-08-08 08:09:26,60.4033,9.1379
2018-08-08,2018-08-08 08:09:26,60.3546,9.1509
2018-08-08,2018-08-08 08:09:26,60.3624,9.2363
2018-08-08,2018-08-08 08:10:41,59.0855,8.8846
2018-08-08,2018-08-08 08:11:03,58.7069,8.9679
2018-08-08,2018-08-08 08:12:39,60.4203,9.1573
2018-08-08,2018-08-08 08:12:39,60.3846,9.3268
2018-08-08,2018-08-08 08:13:26,59.0973,8.9275
2018-08-08,2018-08-08 08:13:26,59.1105,8.93
2018-08-08,2018-08-08 08:13:31,58.7706,9.5009
2018-08-08,2018-08-08 08:13:31,58.7533,9.5345
2018-08-08,2018-08-08 08:13:36,60.4548,8.6183
2018-08-08,2018-08-08 08:13:36,60.5151,8.7675
2018-08-08,2018-08-08 08:13:36,60.5512,8.5046
2018-08-08,2018-08-08 08:13:36,60.6024,8.5136
2018-08-08,2018-08-08 08:13:36,60.5291,8.5594
2018-08-08,2018-08-08 08:14:49,59.1376,8.9238
2018-08-08,2018-08-08 08:15:26,60.5315,8.7115
2018-08-08,2018-08-08 08:15:26,60.5042,8.6968
2018-08-08,2018-08-08 08:20:17,60.4476,9.2253
2018-08-08,2018-08-08 08:20:18,60.416,9.1251
2018-08-08,2018-08-08 08:20:18,60.3953,9.3391
2018-08-08,2018-08-08 08:21:05,59.1876,9.0005
2018-08-08,2018-08-08 08:22:31,60.5285,9.3381
2018-08-08,2018-08-08 08:22:32,60.4434,9.1917
2018-08-08,2018-08-08 08:23:12,60.5195,9.2283
2018-08-08,2018-08-08 08:23:12,60.5181,9.2321
2018-08-08,2018-08-08 08:23:44,58.6262,9.4395
2018-08-08,2018-08-08 08:23:44,58.6184,9.4297
2018-08-08,2018-08-08 08:23:57,59.2368,9.0026
2018-08-08,2018-08-08 08:26:11,60.5567,9.1007
2018-08-08,2018-08-08 08:26:12,60.5415,9.0546
2018-08-08,2018-08-08 08:26:12,60.5136,9.2252
2018-08-08,2018-08-08 08:26:17,58.6264,9.5295
2018-08-08,2018-08-08 08:27:02,59.1896,9.0853
2018-08-08,2018-08-08 08:27:02,59.1999,9.1142
2018-08-08,2018-08-08 08:27:43,58.9904,9.6204
2018-08-08,2018-08-08 08:28:40,58.6364,9.5256
2018-08-08,2018-08-08 08:28:40,58.6652,9.5285
2018-08-08,2018-08-08 08:28:41,58.676,9.5071
2018-08-08,2018-08-08 08:31:50,58.72,9.5369
2018-08-08,2018-08-08 08:32:12,58.8848,9.761
2018-08-08,2018-08-08 08:32:12,58.8179,9.7863
2018-08-08,2018-08-08 08:33:27,58.7272,9.5615
2018-08-08,2018-08-08 08:33:46,58.9809,10.1989
2018-08-08,2018-08-08 08:34:49,58.7684,9.588
2018-08-08,2018-08-08 08:34:49,58.7454,9.557
2018-08-08,2018-08-08 08:34:49,58.6475,9.6868
2018-08-08,2018-08-08 08:35:14,59.478,9.1837
2018-08-08,2018-08-08 08:36:14,58.7715,9.5724
2018-08-08,2018-08-08 08:36:14,58.7679,9.5807
2018-08-08,2018-08-08 08:37:24,58.7911,9.593
2018-08-08,2018-08-08 08:37:24,58.7912,9.6364
2018-08-08,2018-08-08 08:39:01,59.0428,10.2505
2018-08-08,2018-08-08 08:39:01,59.046,10.2424
2018-08-08,2018-08-08 08:41:34,58.9938,9.8531
2018-08-08,2018-08-08 08:41:34,59.0253,9.8931
2018-08-08,2018-08-08 08:42:32,59.1006,10.352
2018-08-08,2018-08-08 08:42:32,59.0834,10.2225
2018-08-08,2018-08-08 08:42:32,59.0886,10.2822
2018-08-08,2018-08-08 08:42:32,59.1003,10.3538
2018-08-08,2018-08-08 08:44:15,59.4516,9.2268
2018-08-08,2018-08-08 08:44:47,58.8092,9.5385
2018-08-08,2018-08-08 08:44:47,58.8644,9.6714
2018-08-08,2018-08-08 08:46:15,59.1265,9.9647
2018-08-08,2018-08-08 08:46:16,58.8384,9.873
2018-08-08,2018-08-08 08:46:16,58.7997,9.9138
2018-08-08,2018-08-08 08:46:16,58.8708,9.859
2018-08-08,2018-08-08 08:46:26,58.8522,9.6889
2018-08-08,2018-08-08 08:46:37,58.8581,9.8875
2018-08-08,2018-08-08 08:47:33,60.799,9.2588
2018-08-08,2018-08-08 08:47:34,60.8223,9.3119
2018-08-08,2018-08-08 08:47:34,60.7649,9.1623
2018-08-08,2018-08-08 08:48:22,58.8729,9.8897
2018-08-08,2018-08-08 08:48:22,58.8617,9.9067
2018-08-08,2018-08-08 08:48:22,58.8002,9.8674
2018-08-08,2018-08-08 08:48:59,59.5098,9.2813
2018-08-08,2018-08-08 08:49:19,58.9361,9.6962
2018-08-08,2018-08-08 08:49:19,59.0704,9.9503
2018-08-08,2018-08-08 08:49:24,59.1084,9.9837
2018-08-08,2018-08-08 08:49:32,60.8617,9.2725
2018-08-08,2018-08-08 08:50:27,58.7954,9.9484
2018-08-08,2018-08-08 08:51:32,59.1386,10.0066
2018-08-08,2018-08-08 08:51:32,59.1537,9.9611
2018-08-08,2018-08-08 08:51:45,58.9488,9.831
2018-08-08,2018-08-08 08:52:23,58.9719,9.7211
2018-08-08,2018-08-08 08:53:21,59.0879,9.8828
2018-08-08,2018-08-08 08:53:22,59.0848,9.898
2018-08-08,2018-08-08 08:53:28,59.2003,10.0377
2018-08-08,2018-08-08 08:53:37,58.8457,9.9843
2018-08-08,2018-08-08 08:53:37,58.8383,10.0047
2018-08-08,2018-08-08 08:54:11,58.9758,9.8097
2018-08-08,2018-08-08 08:57:48,59.2686,10.0959
2018-08-08,2018-08-08 08:58:56,59.1576,9.925
2018-08-08,2018-08-08 08:59:20,60.9563,9.3966
2018-08-08,2018-08-08 08:59:21,60.9608,9.3693
2018-08-08,2018-08-08 08:59:21,60.9145,9.3488
2018-08-08,2018-08-08 09:00:52,60.9593,9.3951
2018-08-08,2018-08-08 09:01:58,58.9937,9.8691
2018-08-08,2018-08-08 09:01:58,58.9579,9.5043
2018-08-08,2018-08-08 09:01:58,59.0843,9.8796
2018-08-08,2018-08-08 09:01:58,59.0396,9.8487
2018-08-08,2018-08-08 09:01:58,59.178,9.8946
2018-08-08,2018-08-08 09:02:52,59.3538,10.1052
2018-08-08,2018-08-08 09:02:52,59.3543,10.1031
2018-08-08,2018-08-08 09:04:30,58.9318,10.1097
2018-08-08,2018-08-08 09:04:30,58.9465,10.1311
2018-08-08,2018-08-08 09:04:30,59.1096,9.9401
2018-08-08,2018-08-08 09:04:30,59.1646,9.8509
2018-08-08,2018-08-08 09:04:30,59.0764,9.9394
2018-08-08,2018-08-08 09:05:04,59.2411,10.2632
2018-08-08,2018-08-08 09:06:28,59.1489,9.986
2018-08-08,2018-08-08 09:07:20,59.4136,10.1474
2018-08-08,2018-08-08 09:08:21,59.4313,10.1834
2018-08-08,2018-08-08 09:10:38,59.4656,10.201
2018-08-08,2018-08-08 09:10:39,59.3662,10.2461
2018-08-08,2018-08-08 09:11:25,59.0385,10.0407
2018-08-08,2018-08-08 09:11:40,59.6734,9.9584
2018-08-08,2018-08-08 09:11:42,59.1496,10.0713
2018-08-08,2018-08-08 09:11:42,59.5294,10.2095
2018-08-08,2018-08-08 09:12:09,59.4805,10.2263
2018-08-08,2018-08-08 09:12:23,58.268,10.2412
2018-08-08,2018-08-08 09:13:10,59.4843,10.2086
2018-08-08,2018-08-08 09:14:44,59.1923,10.0796
2018-08-08,2018-08-08 09:14:44,59.189,10.128
2018-08-08,2018-08-08 09:15:09,59.378,10.0077
2018-08-08,2018-08-08 09:15:14,59.5187,10.2099
2018-08-08,2018-08-08 09:15:14,59.5124,10.247
2018-08-08,2018-08-08 09:15:56,59.5637,10.431
2018-08-08,2018-08-08 09:19:03,58.217,10.2377
2018-08-08,2018-08-08 09:20:52,59.5792,10.2403
2018-08-08,2018-08-08 09:20:52,59.6088,10.3172
2018-08-08,2018-08-08 09:21:47,59.3473,10.1228
2018-08-08,2018-08-08 09:21:47,59.3537,10.0339
2018-08-08,2018-08-08 09:21:47,59.2505,10.1667
2018-08-08,2018-08-08 09:21:47,59.3525,10.0808
2018-08-08,2018-08-08 09:23:15,58.2961,10.3724
2018-08-08,2018-08-08 09:23:16,59.1616,10.1853
2018-08-08,2018-08-08 09:23:18,59.1942,10.1144
2018-08-08,2018-08-08 09:23:52,59.6015,10.2524
2018-08-08,2018-08-08 09:25:45,58.1963,10.3733
2018-08-08,2018-08-08 09:25:45,58.1827,10.3835
2018-08-08,2018-08-08 09:25:46,58.1936,10.4115
2018-08-08,2018-08-08 09:25:51,59.5167,10.2065
2018-08-08,2018-08-08 09:25:51,59.4455,10.0354
2018-08-08,2018-08-08 09:27:14,59.6885,10.3422
2018-08-08,2018-08-08 09:27:14,59.6791,10.3718
2018-08-08,2018-08-08 09:27:14,59.6898,10.3563
2018-08-08,2018-08-08 09:27:16,59.5146,10.2032
2018-08-08,2018-08-08 09:27:16,59.519,10.1771
2018-08-08,2018-08-08 09:27:16,59.3856,10.2238
2018-08-08,2018-08-08 09:27:17,59.3241,10.2413
2018-08-08,2018-08-08 09:27:17,59.4537,10.1084
2018-08-08,2018-08-08 09:27:56,58.2202,10.3749
2018-08-08,2018-08-08 09:29:00,59.5592,10.1535
2018-08-08,2018-08-08 09:29:01,59.5156,10.1392
2018-08-08,2018-08-08 09:29:01,59.5113,10.1607
2018-08-08,2018-08-08 09:30:44,59.2054,10.422
2018-08-08,2018-08-08 09:30:45,59.2469,10.2866
2018-08-08,2018-08-08 09:31:26,59.579,10.1298
2018-08-08,2018-08-08 09:31:26,59.5871,10.1492
2018-08-08,2018-08-08 09:31:26,59.6048,9.9794
2018-08-08,2018-08-08 09:31:26,59.5318,10.121
2018-08-08,2018-08-08 09:31:26,59.6396,10.2323
2018-08-08,2018-08-08 09:31:26,59.5803,10.1276
2018-08-08,2018-08-08 09:31:27,59.5816,10.1335
2018-08-08,2018-08-08 09:33:04,59.6129,10.1968
2018-08-08,2018-08-08 09:33:04,59.6122,10.1947
2018-08-08,2018-08-08 09:34:44,59.6031,10.3122
2018-08-08,2018-08-08 09:34:45,59.6024,10.239
2018-08-08,2018-08-08 09:34:45,59.5528,10.2503
2018-08-08,2018-08-08 09:34:45,59.5541,10.2529
2018-08-08,2018-08-08 09:34:45,59.5518,10.25
2018-08-08,2018-08-08 09:34:45,59.5494,10.232
2018-08-08,2018-08-08 09:36:49,59.2807,10.3022
2018-08-08,2018-08-08 09:36:50,59.4073,10.1967
2018-08-08,2018-08-08 09:36:50,59.3992,10.1913
2018-08-08,2018-08-08 09:36:50,59.4024,10.1808
2018-08-08,2018-08-08 09:38:36,59.6385,10.3459
2018-08-08,2018-08-08 09:38:36,59.6388,10.362
2018-08-08,2018-08-08 09:40:33,59.1879,10.2144
2018-08-08,2018-08-08 09:43:08,59.693,10.4365
2018-08-08,2018-08-08 09:43:08,59.7228,10.3973
2018-08-08,2018-08-08 09:43:08,59.7582,10.2477
2018-08-08,2018-08-08 09:43:08,59.7081,10.4083
2018-08-08,2018-08-08 09:44:46,59.3008,10.4622
2018-08-08,2018-08-08 09:44:58,59.2644,10.285
2018-08-08,2018-08-08 09:44:58,59.27,10.3182
2018-08-08,2018-08-08 09:46:33,59.3548,10.4128
2018-08-08,2018-08-08 09:46:50,59.8855,10.6948
2018-08-08,2018-08-08 09:46:50,59.8911,10.731
2018-08-08,2018-08-08 09:47:29,59.1505,10.2017
2018-08-08,2018-08-08 09:49:30,59.3457,10.3741
2018-08-08,2018-08-08 09:49:30,59.3372,10.3975
2018-08-08,2018-08-08 09:52:19,59.3292,10.5496
2018-08-08,2018-08-08 09:52:19,59.325,10.0478
2018-08-08,2018-08-08 09:52:19,59.4425,10.5896
2018-08-08,2018-08-08 09:52:19,59.3522,10.1324
2018-08-08,2018-08-08 09:54:07,59.406,10.3947
2018-08-08,2018-08-08 09:54:07,59.1302,9.9579
2018-08-08,2018-08-08 09:54:07,59.4609,10.7875
2018-08-08,2018-08-08 09:55:29,59.472,10.5049
2018-08-08,2018-08-08 09:55:30,59.4834,10.5043
2018-08-08,2018-08-08 09:58:43,59.491,10.4444
2018-08-08,2018-08-08 10:04:10,59.5412,10.5301
2018-08-08,2018-08-08 10:07:33,59.5935,10.5637
2018-08-08,2018-08-08 10:07:33,59.5468,10.5596
2018-08-08,2018-08-08 10:45:02,59.0006,10.9055
2018-08-08,2018-08-08 10:45:02,58.9883,10.8871
2018-08-08,2018-08-08 12:00:14,57.9366,12.3441
2018-08-08,2018-08-08 12:05:30,63.8364,12.1913
2018-08-08,2018-08-08 12:06:02,58.2262,12.3646
2018-08-08,2018-08-08 12:12:03,63.8538,12.1385
2018-08-08,2018-08-08 12:29:13,64.0833,12.1198
2018-08-08,2018-08-08 12:29:13,64.0835,12.1271
2018-08-08,2018-08-08 12:29:13,64.0827,12.124
2018-08-08,2018-08-08 12:30:22,64.0868,12.0384
2018-08-08,2018-08-08 12:34:02,64.0511,12.0036
2018-08-08,2018-08-08 12:34:02,64.0399,11.9275
2018-08-08,2018-08-08 12:34:26,64.1612,12.0442
2018-08-08,2018-08-08 12:34:26,64.1766,12.1973
2018-08-08,2018-08-08 12:34:26,64.1715,12.2117
2018-08-08,2018-08-08 12:34:42,59.0879,13.637
2018-08-08,2018-08-08 12:35:01,64.0573,12.0032
2018-08-08,2018-08-08 12:36:01,64.0659,11.963
2018-08-08,2018-08-08 12:37:00,64.0753,11.9712
2018-08-08,2018-08-08 12:37:37,63.7621,11.6039
2018-08-08,2018-08-08 12:37:37,63.7597,11.615
2018-08-08,2018-08-08 12:38:56,59.1058,13.679
2018-08-08,2018-08-08 12:39:25,64.1864,12.1924
2018-08-08,2018-08-08 12:39:34,64.1204,12.1398
2018-08-08,2018-08-08 12:39:34,64.1233,12.2656
2018-08-08,2018-08-08 12:41:04,64.1335,12.0953
2018-08-08,2018-08-08 12:41:04,64.1192,11.9899
2018-08-08,2018-08-08 12:41:04,64.1238,11.9814
2018-08-08,2018-08-08 12:41:30,59.1436,13.693
2018-08-08,2018-08-08 12:41:30,59.1451,13.6959
2018-08-08,2018-08-08 12:41:30,59.1416,13.6997
2018-08-08,2018-08-08 12:41:30,59.1444,13.7075
2018-08-08,2018-08-08 12:41:35,64.1952,12.2994
2018-08-08,2018-08-08 12:42:21,64.1919,12.1892
2018-08-08,2018-08-08 12:42:47,64.1367,11.9998
2018-08-08,2018-08-08 12:42:58,59.1363,13.7219
2018-08-08,2018-08-08 12:43:16,64.2047,12.2094
2018-08-08,2018-08-08 12:44:41,64.2293,12.1781
2018-08-08,2018-08-08 12:44:41,64.2202,12.2366
2018-08-08,2018-08-08 12:44:50,62.9929,14.4914
2018-08-08,2018-08-08 12:45:00,64.1611,12.0164
2018-08-08,2018-08-08 12:45:37,63.0657,14.4527
2018-08-08,2018-08-08 12:45:42,64.2248,12.2287
2018-08-08,2018-08-08 12:45:42,64.2221,12.2222
2018-08-08,2018-08-08 12:46:23,63.0435,14.4915
2018-08-08,2018-08-08 12:46:23,63.0415,14.4798
2018-08-08,2018-08-08 12:46:23,63.0406,14.4837
2018-08-08,2018-08-08 12:46:28,64.24,12.2316
2018-08-08,2018-08-08 12:47:08,64.2414,12.2297
2018-08-08,2018-08-08 12:48:14,59.2001,13.7339
2018-08-08,2018-08-08 12:48:40,63.1001,14.5171
2018-08-08,2018-08-08 12:48:40,63.1548,14.3164
2018-08-08,2018-08-08 12:49:27,64.2471,12.2508
2018-08-08,2018-08-08 12:50:44,63.0289,14.2526
2018-08-08,2018-08-08 12:50:44,63.0178,14.546
2018-08-08,2018-08-08 12:51:22,63.1137,14.2562
2018-08-08,2018-08-08 12:51:24,64.1991,12.2642
2018-08-08,2018-08-08 12:51:24,64.1956,12.1165
2018-08-08,2018-08-08 12:51:24,64.2134,12.3951
2018-08-08,2018-08-08 12:52:46,64.1591,12.0708
2018-08-08,2018-08-08 12:52:46,64.2632,12.2373
2018-08-08,2018-08-08 12:52:57,63.0353,14.5839
2018-08-08,2018-08-08 12:52:57,63.0605,14.2346
2018-08-08,2018-08-08 12:53:44,63.0433,14.6618
2018-08-08,2018-08-08 12:54:34,64.2229,12.0695
2018-08-08,2018-08-08 12:54:34,64.2134,12.0832
2018-08-08,2018-08-08 12:54:34,64.2257,12.0832
2018-08-08,2018-08-08 12:54:34,64.3149,12.1304
2018-08-08,2018-08-08 12:54:34,64.2162,12.0878
2018-08-08,2018-08-08 12:54:57,63.0888,14.4487
2018-08-08,2018-08-08 12:54:57,63.0767,14.4259
2018-08-08,2018-08-08 12:54:58,63.0306,14.6464
2018-08-08,2018-08-08 12:55:50,64.2908,12.2742
2018-08-08,2018-08-08 12:57:47,64.274,12.1257
2018-08-08,2018-08-08 12:59:09,63.0912,14.7179
2018-08-08,2018-08-08 13:01:08,64.4031,12.1693
2018-08-08,2018-08-08 13:01:12,64.33,12.4723
2018-08-08,2018-08-08 13:01:12,64.3122,12.4304
2018-08-08,2018-08-08 13:02:47,64.3246,12.375
2018-08-08,2018-08-08 13:03:46,64.3126,12.3503
2018-08-08,2018-08-08 13:03:48,63.202,14.4199
2018-08-08,2018-08-08 13:04:34,63.3484,14.019
2018-08-08,2018-08-08 13:04:34,63.4292,13.9305
2018-08-08,2018-08-08 13:04:34,63.4255,13.9741
2018-08-08,2018-08-08 13:05:02,64.3192,12.4021
2018-08-08,2018-08-08 13:05:36,62.9939,14.8429
2018-08-08,2018-08-08 13:06:14,64.3665,12.3123
2018-08-08,2018-08-08 13:06:14,64.3629,12.3783
2018-08-08,2018-08-08 13:06:26,63.1153,14.6588
2018-08-08,2018-08-08 13:06:26,63.1441,14.8193
2018-08-08,2018-08-08 13:07:06,59.3562,13.9154
2018-08-08,2018-08-08 13:07:06,59.353,13.9737
2018-08-08,2018-08-08 13:07:06,59.3566,13.9746
2018-08-08,2018-08-08 13:07:09,64.3723,12.3375
2018-08-08,2018-08-08 13:08:23,64.3801,12.3281
2018-08-08,2018-08-08 13:09:15,63.3886,14.017
2018-08-08,2018-08-08 13:09:22,64.3976,12.4618
2018-08-08,2018-08-08 13:09:22,64.3664,12.3247
2018-08-08,2018-08-08 13:10:24,64.3748,12.3877
2018-08-08,2018-08-08 13:10:24,64.3546,12.2431
2018-08-08,2018-08-08 13:10:52,58.8762,11.9208
2018-08-08,2018-08-08 13:10:59,63.2755,14.7238
2018-08-08,2018-08-08 13:11:04,59.3874,13.6287
2018-08-08,2018-08-08 13:12:52,64.4112,12.246
2018-08-08,2018-08-08 13:13:25,63.3123,14.6711
2018-08-08,2018-08-08 13:13:25,63.1871,14.6907
2018-08-08,2018-08-08 13:14:10,63.2114,14.8393
2018-08-08,2018-08-08 13:14:33,58.894,12.0063
2018-08-08,2018-08-08 13:14:42,64.4166,12.3961
2018-08-08,2018-08-08 13:14:42,64.4198,12.477
2018-08-08,2018-08-08 13:14:50,59.4629,13.5746
2018-08-08,2018-08-08 13:14:54,63.9421,12.5519
2018-08-08,2018-08-08 13:14:54,63.9233,12.5465
2018-08-08,2018-08-08 13:14:54,63.921,12.3771
2018-08-08,2018-08-08 13:14:54,63.9306,12.4074
2018-08-08,2018-08-08 13:14:54,63.9471,12.5702
2018-08-08,2018-08-08 13:14:54,63.9228,12.4368
2018-08-08,2018-08-08 13:16:39,58.9144,12.013
2018-08-08,2018-08-08 13:16:39,58.9114,12.001
2018-08-08,2018-08-08 13:16:39,58.9059,12.011
2018-08-08,2018-08-08 13:16:49,64.4401,12.3826
2018-08-08,2018-08-08 13:16:49,64.4375,12.4562
2018-08-08,2018-08-08 13:16:50,64.5387,12.8393
2018-08-08,2018-08-08 13:16:52,63.2337,14.9302
2018-08-08,2018-08-08 13:17:26,59.3791,14.121
2018-08-08,2018-08-08 13:17:26,59.3682,14.0912
2018-08-08,2018-08-08 13:17:26,59.3631,14.124
2018-08-08,2018-08-08 13:17:26,59.3554,14.1289
2018-08-08,2018-08-08 13:17:26,59.3252,14.0876
2018-08-08,2018-08-08 13:18:13,64.4609,12.3726
2018-08-08,2018-08-08 13:18:54,63.4367,14.5231
2018-08-08,2018-08-08 13:19:02,59.0422,11.7374
2018-08-08,2018-08-08 13:19:02,58.9552,12.0565
2018-08-08,2018-08-08 13:19:02,58.9383,12.019
2018-08-08,2018-08-08 13:19:02,58.9281,11.9984
2018-08-08,2018-08-08 13:19:02,58.9396,12.0319
2018-08-08,2018-08-08 13:19:56,63.5105,14.2719
2018-08-08,2018-08-08 13:20:50,59.5229,13.5154
2018-08-08,2018-08-08 13:20:50,59.5132,13.6445
2018-08-08,2018-08-08 13:20:50,59.5213,13.6395
2018-08-08,2018-08-08 13:20:50,59.5103,13.6756
2018-08-08,2018-08-08 13:20:57,63.5037,14.4579
2018-08-08,2018-08-08 13:20:57,63.5003,14.4634
2018-08-08,2018-08-08 13:20:57,63.3515,14.2203
2018-08-08,2018-08-08 13:23:41,63.5887,14.6231
2018-08-08,2018-08-08 13:23:55,59.5483,13.6267
2018-08-08,2018-08-08 13:24:35,63.5281,14.4065
2018-08-08,2018-08-08 13:24:35,63.506,14.4701
2018-08-08,2018-08-08 13:24:36,63.5771,14.3118
2018-08-08,2018-08-08 13:24:36,63.4624,14.644
2018-08-08,2018-08-08 13:24:36,63.5348,14.8028
2018-08-08,2018-08-08 13:25:06,64.489,12.3936
2018-08-08,2018-08-08 13:25:53,63.5941,14.1765
2018-08-08,2018-08-08 13:25:53,63.5212,14.3788
2018-08-08,2018-08-08 13:26:07,58.9685,12.2467
2018-08-08,2018-08-08 13:26:07,58.9575,12.1822
2018-08-08,2018-08-08 13:27:34,63.6247,14.3267
2018-08-08,2018-08-08 13:27:34,63.5626,14.3553
2018-08-08,2018-08-08 13:27:34,63.564,14.4533
2018-08-08,2018-08-08 13:27:35,63.5733,14.5009
2018-08-08,2018-08-08 13:27:35,63.5714,14.5027
2018-08-08,2018-08-08 13:28:37,64.617,12.2534
2018-08-08,2018-08-08 13:28:37,64.6096,12.287
2018-08-08,2018-08-08 13:29:11,58.9862,12.2218
2018-08-08,2018-08-08 13:30:08,64.5231,12.4748
2018-08-08,2018-08-08 13:30:28,63.6877,14.246
2018-08-08,2018-08-08 13:30:35,59.6032,13.6667
2018-08-08,2018-08-08 13:30:35,59.6106,13.7008
2018-08-08,2018-08-08 13:31:59,64.5635,12.3987
2018-08-08,2018-08-08 13:31:59,64.5584,12.4773
2018-08-08,2018-08-08 13:34:50,63.6369,14.6362
2018-08-08,2018-08-08 13:36:19,63.5803,14.6126
2018-08-08,2018-08-08 13:36:33,62.8363,15.2185
2018-08-08,2018-08-08 13:36:33,62.7758,15.4219
2018-08-08,2018-08-08 13:37:41,59.7068,13.9959
2018-08-08,2018-08-08 13:37:41,59.7132,14.0139
2018-08-08,2018-08-08 13:38:16,64.5482,12.5569
2018-08-08,2018-08-08 13:38:16,64.6238,12.5451
2018-08-08,2018-08-08 13:39:34,59.7185,13.7341
2018-08-08,2018-08-08 13:39:51,59.1681,12.2737
2018-08-08,2018-08-08 13:39:51,59.2442,12.1319
2018-08-08,2018-08-08 13:39:51,59.1587,12.2924
2018-08-08,2018-08-08 13:40:36,62.7403,15.6123
2018-08-08,2018-08-08 13:40:36,62.7461,15.2542
2018-08-08,2018-08-08 13:41:29,63.3406,15.1612
2018-08-08,2018-08-08 13:42:20,58.8325,12.4834
2018-08-08,2018-08-08 13:43:34,59.5451,14.3989
2018-08-08,2018-08-08 13:43:34,59.5817,14.3485
2018-08-08,2018-08-08 13:44:14,59.8412,13.8383
2018-08-08,2018-08-08 13:44:15,59.8538,13.8328
2018-08-08,2018-08-08 13:44:15,59.8284,13.8437
2018-08-08,2018-08-08 13:44:25,59.281,12.1527
2018-08-08,2018-08-08 13:44:25,59.2048,12.3347
2018-08-08,2018-08-08 13:44:25,59.2007,12.3333
2018-08-08,2018-08-08 13:44:25,59.2025,12.3333
2018-08-08,2018-08-08 13:44:25,59.1927,12.3255
2018-08-08,2018-08-08 13:44:29,59.8044,14.0874
2018-08-08,2018-08-08 13:44:29,59.7957,14.0998
2018-08-08,2018-08-08 13:44:29,59.8126,13.9505
2018-08-08,2018-08-08 13:44:29,59.8126,13.989
2018-08-08,2018-08-08 13:44:29,59.8054,14.1226
2018-08-08,2018-08-08 13:45:10,59.7863,13.6302
2018-08-08,2018-08-08 13:45:57,59.8229,13.8249
2018-08-08,2018-08-08 13:46:10,59.0174,12.5104
2018-08-08,2018-08-08 13:46:38,62.6217,15.6165
2018-08-08,2018-08-08 13:46:39,59.5809,14.4359
2018-08-08,2018-08-08 13:46:57,62.7504,15.4142
2018-08-08,2018-08-08 13:46:57,62.6613,15.4605
2018-08-08,2018-08-08 13:46:57,62.7197,15.5063
2018-08-08,2018-08-08 13:47:11,59.8041,13.8168
2018-08-08,2018-08-08 13:47:30,62.7529,15.5246
2018-08-08,2018-08-08 13:47:53,63.1422,15.3055
2018-08-08,2018-08-08 13:47:53,63.1438,15.318
2018-08-08,2018-08-08 13:48:50,59.9053,13.7977
2018-08-08,2018-08-08 13:48:50,59.8793,13.7684
2018-08-08,2018-08-08 13:48:50,59.8646,13.8747
2018-08-08,2018-08-08 13:48:50,59.8665,13.8922
2018-08-08,2018-08-08 13:49:06,62.7359,15.5246
2018-08-08,2018-08-08 13:49:40,59.8051,14.1081
2018-08-08,2018-08-08 13:49:40,59.8035,14.1115
2018-08-08,2018-08-08 13:50:23,62.709,15.5538
2018-08-08,2018-08-08 13:50:23,62.7265,15.6384
2018-08-08,2018-08-08 13:50:23,62.6778,15.5961
2018-08-08,2018-08-08 13:50:23,62.7465,15.6181
2018-08-08,2018-08-08 13:50:26,62.8884,15.5202
2018-08-08,2018-08-08 13:50:40,59.0795,12.5038
2018-08-08,2018-08-08 13:50:40,59.0915,12.5036
2018-08-08,2018-08-08 13:51:50,59.9038,13.7768
2018-08-08,2018-08-08 13:51:51,59.8701,14.1256
2018-08-08,2018-08-08 13:52:46,62.6476,15.4279
2018-08-08,2018-08-08 13:53:07,59.6574,14.5186
2018-08-08,2018-08-08 13:53:10,62.7536,15.4504
2018-08-08,2018-08-08 13:54:23,59.9136,13.9185
2018-08-08,2018-08-08 13:54:23,59.9349,13.9185
2018-08-08,2018-08-08 13:55:12,59.1389,12.5713
2018-08-08,2018-08-08 13:55:12,59.1421,12.6811
2018-08-08,2018-08-08 13:55:12,59.1413,12.5568
2018-08-08,2018-08-08 13:55:12,59.1503,12.5715
2018-08-08,2018-08-08 13:55:12,59.1429,12.5715
2018-08-08,2018-08-08 13:55:14,62.781,15.6254
2018-08-08,2018-08-08 13:55:33,62.8,15.6035
2018-08-08,2018-08-08 13:56:01,62.7962,15.6756
2018-08-08,2018-08-08 13:56:13,62.7817,15.6305
2018-08-08,2018-08-08 13:57:24,59.1541,12.542
2018-08-08,2018-08-08 13:57:24,59.1832,12.5519
2018-08-08,2018-08-08 13:57:24,59.174,12.5569
2018-08-08,2018-08-08 13:57:24,59.1856,12.5515
2018-08-08,2018-08-08 13:57:35,63.162,15.4985
2018-08-08,2018-08-08 13:58:07,62.7849,15.6553
2018-08-08,2018-08-08 13:58:49,59.196,12.6413
2018-08-08,2018-08-08 13:58:49,59.2011,12.6395
2018-08-08,2018-08-08 13:58:49,59.1886,12.6755
2018-08-08,2018-08-08 13:58:49,59.1969,12.654
2018-08-08,2018-08-08 13:59:17,62.8486,15.5877
2018-08-08,2018-08-08 13:59:17,62.8215,15.6308
2018-08-08,2018-08-08 14:01:00,62.8095,15.6996
2018-08-08,2018-08-08 14:01:49,63.0078,15.6749
2018-08-08,2018-08-08 14:01:49,63.0017,15.6658
2018-08-08,2018-08-08 14:01:58,63.9759,14.6986
2018-08-08,2018-08-08 14:01:58,63.9799,14.7185
2018-08-08,2018-08-08 14:02:58,62.8502,15.7518
2018-08-08,2018-08-08 14:03:36,62.8256,15.717
2018-08-08,2018-08-08 14:03:36,62.8294,15.7155
2018-08-08,2018-08-08 14:04:08,64.8094,12.5783
2018-08-08,2018-08-08 14:04:15,59.2262,12.6946
2018-08-08,2018-08-08 14:04:28,60.0255,14.0099
2018-08-08,2018-08-08 14:04:28,63.9859,14.6792
2018-08-08,2018-08-08 14:04:28,60.0243,13.9917
2018-08-08,2018-08-08 14:05:14,62.7971,15.8479
2018-08-08,2018-08-08 14:06:24,60.0382,14.4153
2018-08-08,2018-08-08 14:06:24,60.0116,14.2378
2018-08-08,2018-08-08 14:06:32,62.8116,15.8314
2018-08-08,2018-08-08 14:06:36,63.0092,15.6086
2018-08-08,2018-08-08 14:06:56,59.2701,12.7495
2018-08-08,2018-08-08 14:06:56,59.2754,12.7432
2018-08-08,2018-08-08 14:07:10,62.8457,15.7927
2018-08-08,2018-08-08 14:07:10,62.8339,15.8172
2018-08-08,2018-08-08 14:07:53,60.0721,14.2774
2018-08-08,2018-08-08 14:08:21,59.2599,13.7174
2018-08-08,2018-08-08 14:08:21,59.252,13.7733
2018-08-08,2018-08-08 14:08:21,59.2371,13.6963
2018-08-08,2018-08-08 14:09:07,62.9301,15.67
2018-08-08,2018-08-08 14:09:15,59.31,12.7613
2018-08-08,2018-08-08 14:09:46,60.0876,14.0392
2018-08-08,2018-08-08 14:09:46,60.2235,13.5965
2018-08-08,2018-08-08 14:09:46,60.0923,14.053
2018-08-08,2018-08-08 14:10:04,64.8978,12.8846
2018-08-08,2018-08-08 14:10:51,64.2911,13.0078
2018-08-08,2018-08-08 14:10:51,64.2906,13.0301
2018-08-08,2018-08-08 14:11:29,59.2086,13.7854
2018-08-08,2018-08-08 14:11:29,59.2206,13.7968
2018-08-08,2018-08-08 14:12:49,60.081,14.2802
2018-08-08,2018-08-08 14:12:55,58.862,12.7358
2018-08-08,2018-08-08 14:13:28,63.2173,15.5876
2018-08-08,2018-08-08 14:13:28,63.2283,15.5387
2018-08-08,2018-08-08 14:13:28,63.1881,15.5499
2018-08-08,2018-08-08 14:14:05,60.1186,14.3497
2018-08-08,2018-08-08 14:15:22,61.5724,5.0088
2018-08-08,2018-08-08 14:16:16,63.2342,15.6984
2018-08-08,2018-08-08 14:16:16,63.2517,15.6647
2018-08-08,2018-08-08 14:16:16,63.1917,15.6661
2018-08-08,2018-08-08 14:16:19,60.1505,14.1131
2018-08-08,2018-08-08 14:16:19,60.1499,14.095
2018-08-08,2018-08-08 14:16:57,60.145,14.3654
2018-08-08,2018-08-08 14:17:34,64.3065,12.9836
2018-08-08,2018-08-08 14:17:36,63.2481,15.6942
2018-08-08,2018-08-08 14:17:36,63.2439,15.6653
2018-08-08,2018-08-08 14:17:36,63.2425,15.6632
2018-08-08,2018-08-08 14:18:11,60.1696,14.1338
2018-08-08,2018-08-08 14:18:11,60.1696,14.1315
2018-08-08,2018-08-08 14:18:17,63.0883,15.886
2018-08-08,2018-08-08 14:18:49,62.944,15.9469
2018-08-08,2018-08-08 14:18:49,62.9387,15.9502
2018-08-08,2018-08-08 14:18:52,60.1726,14.3276
2018-08-08,2018-08-08 14:19:03,64.3594,13.0789
2018-08-08,2018-08-08 14:19:19,63.1504,15.89
2018-08-08,2018-08-08 14:19:46,59.9637,12.7662
2018-08-08,2018-08-08 14:19:46,59.985,12.6645
2018-08-08,2018-08-08 14:19:46,59.9691,12.7787
2018-08-08,2018-08-08 14:20:03,60.1929,14.1394
2018-08-08,2018-08-08 14:20:03,60.1869,14.1441
2018-08-08,2018-08-08 14:20:35,61.9485,4.8727
2018-08-08,2018-08-08 14:21:56,64.3858,13.123
2018-08-08,2018-08-08 14:21:56,64.3845,13.1201
2018-08-08,2018-08-08 14:21:56,64.386,13.1173
2018-08-08,2018-08-08 14:23:20,64.3997,12.9289
2018-08-08,2018-08-08 14:23:54,63.201,15.88
2018-08-08,2018-08-08 14:24:08,63.0964,15.9564
2018-08-08,2018-08-08 14:24:09,63.0274,15.9302
2018-08-08,2018-08-08 14:24:12,64.381,13.1943
2018-08-08,2018-08-08 14:24:12,64.3789,13.1207
2018-08-08,2018-08-08 14:24:55,61.9312,5.0089
2018-08-08,2018-08-08 14:25:13,63.2749,15.6372
2018-08-08,2018-08-08 14:26:01,59.18,13.128
2018-08-08,2018-08-08 14:26:10,63.1637,16.003
2018-08-08,2018-08-08 14:26:38,63.1821,16.0026
2018-08-08,2018-08-08 14:27:24,60.2661,14.4822
2018-08-08,2018-08-08 14:27:24,60.2776,14.4573
2018-08-08,2018-08-08 14:27:24,60.3582,14.6768
2018-08-08,2018-08-08 14:27:34,61.995,5.1369
2018-08-08,2018-08-08 14:27:34,61.9971,5.1637
2018-08-08,2018-08-08 14:27:34,62.0024,5.1182
2018-08-08,2018-08-08 14:28:03,63.2335,15.9381
2018-08-08,2018-08-08 14:28:03,63.2604,15.8768
2018-08-08,2018-08-08 14:28:03,63.2475,15.9293
2018-08-08,2018-08-08 14:28:03,63.2201,15.9516
2018-08-08,2018-08-08 14:28:03,63.2396,15.9394
2018-08-08,2018-08-08 14:28:17,60.2704,14.1027
2018-08-08,2018-08-08 14:28:17,60.2826,14.1429
2018-08-08,2018-08-08 14:28:17,60.2793,14.1411
2018-08-08,2018-08-08 14:28:17,60.2686,14.1096
2018-08-08,2018-08-08 14:28:18,64.4436,13.0853
2018-08-08,2018-08-08 14:28:38,64.8369,12.8719
2018-08-08,2018-08-08 14:28:59,60.1809,14.6838
2018-08-08,2018-08-08 14:28:59,60.1694,14.6895
2018-08-08,2018-08-08 14:29:06,64.7433,12.859
2018-08-08,2018-08-08 14:29:31,58.9479,12.9816
2018-08-08,2018-08-08 14:29:42,59.1894,13.1694
2018-08-08,2018-08-08 14:29:42,60.3017,14.254
2018-08-08,2018-08-08 14:30:23,61.7766,4.9824
2018-08-08,2018-08-08 14:30:35,64.4725,13.1166
2018-08-08,2018-08-08 14:31:01,64.7666,12.8437
2018-08-08,2018-08-08 14:31:40,60.3003,14.1665
2018-08-08,2018-08-08 14:31:40,60.2648,14.3838
2018-08-08,2018-08-08 14:32:04,63.1748,16.0282
2018-08-08,2018-08-08 14:32:04,63.2239,16.0497
2018-08-08,2018-08-08 14:32:04,63.1999,16.0362
2018-08-08,2018-08-08 14:32:21,65.1689,12.0497
2018-08-08,2018-08-08 14:32:22,58.9403,13.0529
2018-08-08,2018-08-08 14:32:22,58.9611,13.0092
2018-08-08,2018-08-08 14:32:22,58.9549,13.0223
2018-08-08,2018-08-08 14:32:22,58.9717,13.0075
2018-08-08,2018-08-08 14:33:51,59.2555,13.2078
2018-08-08,2018-08-08 14:33:51,59.2444,13.166
2018-08-08,2018-08-08 14:33:51,59.2512,13.2135
2018-08-08,2018-08-08 14:33:51,59.2459,13.1681
2018-08-08,2018-08-08 14:34:20,59.0506,12.9992
2018-08-08,2018-08-08 14:34:40,63.2982,15.89
2018-08-08,2018-08-08 14:34:59,59.7408,14.2319
2018-08-08,2018-08-08 14:34:59,59.7463,14.1941
2018-08-08,2018-08-08 14:35:04,63.1142,16.0737
2018-08-08,2018-08-08 14:35:13,60.2577,14.693
2018-08-08,2018-08-08 14:35:22,64.7373,12.7889
2018-08-08,2018-08-08 14:35:42,64.6034,13.1785
2018-08-08,2018-08-08 14:35:44,64.5162,13.1198
2018-08-08,2018-08-08 14:35:44,64.5125,13.1293
2018-08-08,2018-08-08 14:36:28,59.032,13.0443
2018-08-08,2018-08-08 14:36:55,60.3349,14.2041
2018-08-08,2018-08-08 14:36:55,60.3412,14.2073
2018-08-08,2018-08-08 14:36:55,60.342,14.1942
2018-08-08,2018-08-08 14:37:42,64.7244,13.3073
2018-08-08,2018-08-08 14:37:46,63.3489,15.951
2018-08-08,2018-08-08 14:38:03,59.0326,13.0236
2018-08-08,2018-08-08 14:38:03,59.0396,13.0206
2018-08-08,2018-08-08 14:38:07,63.32,16.0762
2018-08-08,2018-08-08 14:38:07,63.3152,16.0686
2018-08-08,2018-08-08 14:38:33,59.0428,12.9726
2018-08-08,2018-08-08 14:38:49,59.1041,13.264
2018-08-08,2018-08-08 14:39:03,59.0471,13.0565
2018-08-08,2018-08-08 14:39:03,59.0558,13.0338
2018-08-08,2018-08-08 14:39:07,63.3072,16.1704
2018-08-08,2018-08-08 14:39:25,64.5422,13.3589
2018-08-08,2018-08-08 14:39:39,59.0623,13.0507
2018-08-08,2018-08-08 14:39:43,63.3442,16.1314
2018-08-08,2018-08-08 14:40:05,63.3438,15.9375
2018-08-08,2018-08-08 14:40:05,63.3916,16.0431
2018-08-08,2018-08-08 14:40:18,59.0624,13.054
2018-08-08,2018-08-08 14:40:27,65.5551,12.4236
2018-08-08,2018-08-08 14:40:34,60.4233,14.5205
2018-08-08,2018-08-08 14:40:34,60.4162,14.438
2018-08-08,2018-08-08 14:40:44,63.2917,16.1305
2018-08-08,2018-08-08 14:41:03,63.4059,16.0446
2018-08-08,2018-08-08 14:41:03,63.4063,16.0612
2018-08-08,2018-08-08 14:41:14,63.3418,16.1368
2018-08-08,2018-08-08 14:41:20,64.6509,13.338
2018-08-08,2018-08-08 14:41:27,64.559,13.263
2018-08-08,2018-08-08 14:41:40,59.0742,13.0453
2018-08-08,2018-08-08 14:41:54,59.147,13.3206
2018-08-08,2018-08-08 14:41:54,59.1142,13.3166
2018-08-08,2018-08-08 14:41:54,59.1424,13.3085
2018-08-08,2018-08-08 14:42:01,59.0834,13.0586
2018-08-08,2018-08-08 14:42:34,60.4412,14.5244
2018-08-08,2018-08-08 14:42:34,60.4621,14.5462
2018-08-08,2018-08-08 14:42:35,59.1047,13.1013
2018-08-08,2018-08-08 14:42:35,59.0955,13.1146
2018-08-08,2018-08-08 14:43:13,59.1076,13.0999
2018-08-08,2018-08-08 14:43:13,59.1112,13.0959
2018-08-08,2018-08-08 14:44:05,58.9964,13.2721
2018-08-08,2018-08-08 14:44:14,59.1097,13.1139
2018-08-08,2018-08-08 14:44:27,59.1605,13.3384
2018-08-08,2018-08-08 14:44:53,59.8974,13.1648
2018-08-08,2018-08-08 14:44:53,59.9156,13.1864
2018-08-08,2018-08-08 14:44:53,59.9204,13.1964
2018-08-08,2018-08-08 14:44:53,59.9198,13.1766
2018-08-08,2018-08-08 14:44:53,59.924,13.1303
2018-08-08,2018-08-08 14:44:53,59.9162,13.1952
2018-08-08,2018-08-08 14:45:20,59.1195,13.1263
2018-08-08,2018-08-08 14:45:40,59.1278,13.1295
2018-08-08,2018-08-08 14:45:40,59.1094,13.1867
2018-08-08,2018-08-08 14:46:05,64.6064,12.976
2018-08-08,2018-08-08 14:46:17,63.4014,16.2969
2018-08-08,2018-08-08 14:46:47,59.6027,14.1103
2018-08-08,2018-08-08 14:46:53,63.3356,16.3177
2018-08-08,2018-08-08 14:46:53,59.1711,13.0773
2018-08-08,2018-08-08 14:46:53,59.1723,13.0745
2018-08-08,2018-08-08 14:46:53,63.4406,16.4771
2018-08-08,2018-08-08 14:47:00,60.4698,14.4686
2018-08-08,2018-08-08 14:47:00,60.4677,14.4852
2018-08-08,2018-08-08 14:47:00,60.4622,14.4926
2018-08-08,2018-08-08 14:47:25,59.1999,13.393
2018-08-08,2018-08-08 14:47:41,65.2796,11.9963
2018-08-08,2018-08-08 14:47:42,59.1404,13.1527
2018-08-08,2018-08-08 14:47:42,59.1434,13.1523
2018-08-08,2018-08-08 14:47:49,64.1538,16.0325
2018-08-08,2018-08-08 14:47:49,64.156,16.0494
2018-08-08,2018-08-08 14:47:50,64.148,15.9227
2018-08-08,2018-08-08 14:48:20,60.4775,14.4821
2018-08-08,2018-08-08 14:48:20,60.5048,14.29
2018-08-08,2018-08-08 14:48:43,59.2531,13.1196
2018-08-08,2018-08-08 14:49:00,60.2743,13.1562
2018-08-08,2018-08-08 14:49:00,60.2736,13.162
2018-08-08,2018-08-08 14:49:00,60.3571,13.0641
2018-08-08,2018-08-08 14:49:00,60.2796,13.1641
2018-08-08,2018-08-08 14:49:30,60.0821,13.2051
2018-08-08,2018-08-08 14:49:30,60.0743,13.2201
2018-08-08,2018-08-08 14:49:56,63.4593,16.1342
2018-08-08,2018-08-08 14:50:00,59.0567,13.3259
2018-08-08,2018-08-08 14:50:14,59.2263,13.4141
2018-08-08,2018-08-08 14:50:14,59.1489,13.2394
2018-08-08,2018-08-08 14:50:34,64.0103,15.9953
2018-08-08,2018-08-08 14:50:37,65.1434,11.9241
2018-08-08,2018-08-08 14:51:11,63.459,16.1685
2018-08-08,2018-08-08 14:51:11,63.4538,16.1706
2018-08-08,2018-08-08 14:51:34,59.1912,13.1826
2018-08-08,2018-08-08 14:51:34,59.182,13.1682
2018-08-08,2018-08-08 14:51:34,59.1922,13.1822
2018-08-08,2018-08-08 14:51:34,59.1767,13.2198
2018-08-08,2018-08-08 14:51:34,59.1959,13.1898
2018-08-08,2018-08-08 14:51:34,59.1866,13.2089
2018-08-08,2018-08-08 14:51:59,63.483,16.1953
2018-08-08,2018-08-08 14:52:15,65.4173,12.3689
2018-08-08,2018-08-08 14:52:15,65.4291,12.3207
2018-08-08,2018-08-08 14:52:26,63.359,16.2383
2018-08-08,2018-08-08 14:52:35,65.3381,13.434
2018-08-08,2018-08-08 14:53:00,59.1991,13.171
2018-08-08,2018-08-08 14:53:00,59.2006,13.1851
2018-08-08,2018-08-08 14:53:00,59.1927,13.1736
2018-08-08,2018-08-08 14:53:00,59.202,13.1771
2018-08-08,2018-08-08 14:53:00,59.2027,13.164
2018-08-08,2018-08-08 14:53:00,59.218,13.1653
2018-08-08,2018-08-08 14:53:05,59.6322,14.3023
2018-08-08,2018-08-08 14:53:34,64.7404,14.1926
2018-08-08,2018-08-08 14:53:34,64.7355,14.2329
2018-08-08,2018-08-08 14:54:31,60.1434,13.3282
2018-08-08,2018-08-08 14:54:31,60.1393,13.3357
2018-08-08,2018-08-08 14:54:31,60.1447,13.3436
2018-08-08,2018-08-08 14:54:31,60.1448,13.326
2018-08-08,2018-08-08 14:54:33,63.4948,16.1932
2018-08-08,2018-08-08 14:54:33,63.5188,16.0322
2018-08-08,2018-08-08 14:54:36,59.2777,13.4541
2018-08-08,2018-08-08 14:54:42,62.2566,5.2362
2018-08-08,2018-08-08 14:55:13,59.2176,13.2238
2018-08-08,2018-08-08 14:55:13,59.2156,13.2023
2018-08-08,2018-08-08 14:55:13,59.2233,13.2195
2018-08-08,2018-08-08 14:55:13,59.2194,13.2322
2018-08-08,2018-08-08 14:55:35,59.3508,13.5292
2018-08-08,2018-08-08 14:55:35,59.3497,13.5525
2018-08-08,2018-08-08 14:55:35,59.2026,13.703
2018-08-08,2018-08-08 14:55:48,59.0439,13.33
2018-08-08,2018-08-08 14:56:03,63.4987,16.2197
2018-08-08,2018-08-08 14:56:21,59.2856,13.4679
2018-08-08,2018-08-08 14:56:41,65.4363,12.4541
2018-08-08,2018-08-08 14:56:46,59.6285,14.2727
2018-08-08,2018-08-08 14:56:46,59.6297,14.2943
2018-08-08,2018-08-08 14:56:46,59.6231,14.2986
2018-08-08,2018-08-08 14:56:46,59.6255,14.2191
2018-08-08,2018-08-08 14:56:46,59.6025,14.2809
2018-08-08,2018-08-08 14:56:52,63.4416,16.3258
2018-08-08,2018-08-08 14:57:20,65.69,11.6877
2018-08-08,2018-08-08 14:57:37,59.3038,13.4514
2018-08-08,2018-08-08 14:57:37,59.3223,13.4945
2018-08-08,2018-08-08 14:57:37,59.2889,13.5161
2018-08-08,2018-08-08 14:57:41,59.0728,13.3407
2018-08-08,2018-08-08 14:57:41,59.0725,13.3327
2018-08-08,2018-08-08 14:57:41,59.0784,13.3317
2018-08-08,2018-08-08 14:57:42,59.0694,13.3436
2018-08-08,2018-08-08 14:57:58,65.1088,12.9349
2018-08-08,2018-08-08 14:58:04,60.2089,13.3175
2018-08-08,2018-08-08 14:58:04,60.2701,13.3162
2018-08-08,2018-08-08 14:58:11,59.3804,13.5351
2018-08-08,2018-08-08 14:58:59,59.6428,14.2904
2018-08-08,2018-08-08 14:58:59,59.6469,14.2888
2018-08-08,2018-08-08 14:58:59,59.6502,14.2884
2018-08-08,2018-08-08 14:59:02,62.2492,5.1985
2018-08-08,2018-08-08 14:59:10,59.13,13.4391
2018-08-08,2018-08-08 14:59:10,59.1288,13.4375
2018-08-08,2018-08-08 14:59:10,59.1039,13.4081
2018-08-08,2018-08-08 14:59:29,60.0391,13.4177
2018-08-08,2018-08-08 14:59:29,60.0261,13.4117
2018-08-08,2018-08-08 15:00:21,60.2162,13.3073
2018-08-08,2018-08-08 15:00:36,65.493,12.4282
2018-08-08,2018-08-08 15:00:49,60.5903,14.8014
2018-08-08,2018-08-08 15:00:59,59.3465,13.5064
2018-08-08,2018-08-08 15:00:59,59.3277,13.4697
2018-08-08,2018-08-08 15:00:59,59.3285,13.4614
2018-08-08,2018-08-08 15:00:59,59.3507,13.5045
2018-08-08,2018-08-08 15:00:59,59.3577,13.5217
2018-08-08,2018-08-08 15:00:59,59.3468,13.5425
2018-08-08,2018-08-08 15:00:59,59.3471,13.5054
2018-08-08,2018-08-08 15:01:09,59.6649,14.3073
2018-08-08,2018-08-08 15:01:09,59.6989,14.3039
2018-08-08,2018-08-08 15:01:09,59.6614,14.2922
2018-08-08,2018-08-08 15:01:23,59.0768,5.6806
2018-08-08,2018-08-08 15:01:57,65.5379,12.2356
2018-08-08,2018-08-08 15:02:11,59.4297,13.6286
2018-08-08,2018-08-08 15:02:11,59.4076,13.6291
2018-08-08,2018-08-08 15:02:11,59.4068,13.6209
2018-08-08,2018-08-08 15:02:11,59.4425,13.5467
2018-08-08,2018-08-08 15:02:11,59.4228,13.6246
2018-08-08,2018-08-08 15:02:12,60.1091,13.4022
2018-08-08,2018-08-08 15:02:20,65.675,11.7697
2018-08-08,2018-08-08 15:02:39,59.1512,13.4682
2018-08-08,2018-08-08 15:02:50,59.3365,13.5341
2018-08-08,2018-08-08 15:02:50,59.3399,13.5499
2018-08-08,2018-08-08 15:02:50,59.341,13.5505
2018-08-08,2018-08-08 15:03:41,59.6906,14.2182
2018-08-08,2018-08-08 15:03:41,59.6974,14.3306
2018-08-08,2018-08-08 15:04:02,60.4907,13.3038
2018-08-08,2018-08-08 15:04:28,59.3779,13.5569
2018-08-08,2018-08-08 15:04:28,59.3554,13.5843
2018-08-08,2018-08-08 15:04:58,63.3507,16.6769
2018-08-08,2018-08-08 15:04:58,63.3821,16.4087
2018-08-08,2018-08-08 15:05:07,59.8066,13.9942
2018-08-08,2018-08-08 15:05:07,59.51,13.3693
2018-08-08,2018-08-08 15:05:09,60.2778,13.3941
2018-08-08,2018-08-08 15:05:09,60.1809,13.4365
2018-08-08,2018-08-08 15:05:09,60.2558,13.3393
2018-08-08,2018-08-08 15:05:09,60.1907,13.4502
2018-08-08,2018-08-08 15:05:09,60.1827,13.4363
2018-08-08,2018-08-08 15:05:30,59.3808,13.5546
2018-08-08,2018-08-08 15:05:30,59.4102,13.5648
2018-08-08,2018-08-08 15:05:32,59.1753,13.4776
2018-08-08,2018-08-08 15:05:32,59.1804,13.4274
2018-08-08,2018-08-08 15:06:21,59.3846,13.5606
2018-08-08,2018-08-08 15:06:21,59.3828,13.5808
2018-08-08,2018-08-08 15:06:21,59.3755,13.5764
2018-08-08,2018-08-08 15:06:22,63.4089,16.386
2018-08-08,2018-08-08 15:06:30,59.1825,13.4513
2018-08-08,2018-08-08 15:06:30,59.1723,13.4536
2018-08-08,2018-08-08 15:06:45,59.68,14.4712
2018-08-08,2018-08-08 15:06:50,60.6824,14.736
2018-08-08,2018-08-08 15:07:23,60.2608,13.5067
2018-08-08,2018-08-08 15:07:23,60.2979,13.4088
2018-08-08,2018-08-08 15:07:23,60.1533,13.4775
2018-08-08,2018-08-08 15:07:43,59.1952,13.4919
2018-08-08,2018-08-08 15:08:19,60.3404,13.4477
2018-08-08,2018-08-08 15:08:25,63.4011,16.4983
2018-08-08,2018-08-08 15:08:41,65.3923,12.4229
2018-08-08,2018-08-08 15:09:24,60.4326,13.4273
2018-08-08,2018-08-08 15:09:24,60.5318,13.4191
2018-08-08,2018-08-08 15:09:24,60.3397,13.5101
2018-08-08,2018-08-08 15:09:24,60.5335,13.4164
2018-08-08,2018-08-08 15:09:24,60.5337,13.4143
2018-08-08,2018-08-08 15:09:24,60.5287,13.387
2018-08-08,2018-08-08 15:09:24,60.5345,13.4112
2018-08-08,2018-08-08 15:10:43,60.3821,13.4922
2018-08-08,2018-08-08 15:10:43,60.3637,13.49
2018-08-08,2018-08-08 15:10:52,59.2301,13.5062
2018-08-08,2018-08-08 15:10:52,59.2191,13.5129
2018-08-08,2018-08-08 15:10:52,59.2212,13.5153
2018-08-08,2018-08-08 15:10:53,59.2897,13.76
2018-08-08,2018-08-08 15:11:02,65.5629,12.432
2018-08-08,2018-08-08 15:11:02,65.5907,12.4471
2018-08-08,2018-08-08 15:11:16,59.881,14.5122
2018-08-08,2018-08-08 15:11:16,60.0309,14.4857
2018-08-08,2018-08-08 15:11:16,59.8742,14.517
2018-08-08,2018-08-08 15:11:32,59.3803,13.6575
2018-08-08,2018-08-08 15:11:32,59.4394,13.6305
2018-08-08,2018-08-08 15:11:32,59.3996,13.6746
2018-08-08,2018-08-08 15:11:32,59.4464,13.6169
2018-08-08,2018-08-08 15:11:32,59.3862,13.6778
2018-08-08,2018-08-08 15:11:32,59.391,13.6961
2018-08-08,2018-08-08 15:11:57,60.3774,13.5418
2018-08-08,2018-08-08 15:12:19,59.236,13.5291
2018-08-08,2018-08-08 15:12:34,59.7139,14.5101
2018-08-08,2018-08-08 15:12:34,59.7155,14.5099
2018-08-08,2018-08-08 15:12:57,65.7602,11.8131
2018-08-08,2018-08-08 15:13:04,60.4062,13.5731
2018-08-08,2018-08-08 15:14:10,60.7493,14.9325
2018-08-08,2018-08-08 15:14:10,60.7652,14.8427
2018-08-08,2018-08-08 15:14:49,60.4873,13.5709
2018-08-08,2018-08-08 15:14:49,60.4358,13.5321
2018-08-08,2018-08-08 15:14:50,60.2804,13.5192
2018-08-08,2018-08-08 15:15:03,59.432,13.6983
2018-08-08,2018-08-08 15:15:14,60.6214,13.4335
2018-08-08,2018-08-08 15:15:22,59.4779,13.704
2018-08-08,2018-08-08 15:15:22,59.4849,13.6992
2018-08-08,2018-08-08 15:15:49,59.2605,13.5657
2018-08-08,2018-08-08 15:15:50,59.2608,13.5404
2018-08-08,2018-08-08 15:15:53,65.8328,11.7511
2018-08-08,2018-08-08 15:15:53,65.7861,11.8177
2018-08-08,2018-08-08 15:16:15,59.4537,13.6978
2018-08-08,2018-08-08 15:16:15,59.4516,13.7277
2018-08-08,2018-08-08 15:16:17,60.4541,13.5669
2018-08-08,2018-08-08 15:16:43,60.755,14.8933
2018-08-08,2018-08-08 15:17:10,60.1032,14.7909
2018-08-08,2018-08-08 15:17:13,59.8217,14.5514
2018-08-08,2018-08-08 15:17:24,65.1288,13.3777
2018-08-08,2018-08-08 15:17:24,65.0398,13.4005
2018-08-08,2018-08-08 15:17:24,64.9053,13.1931
2018-08-08,2018-08-08 15:17:24,59.4746,13.7166
2018-08-08,2018-08-08 15:17:49,60.3995,13.5351
2018-08-08,2018-08-08 15:17:49,60.632,13.4979
2018-08-08,2018-08-08 15:18:07,59.4905,13.7353
2018-08-08,2018-08-08 15:19:00,60.6645,13.5117
2018-08-08,2018-08-08 15:19:14,60.5821,13.4979
2018-08-08,2018-08-08 15:19:16,59.8622,14.4285
2018-08-08,2018-08-08 15:19:16,59.7934,14.5574
2018-08-08,2018-08-08 15:19:16,59.7946,14.5647
2018-08-08,2018-08-08 15:19:16,59.8596,14.5253
2018-08-08,2018-08-08 15:19:16,59.8349,14.5424
2018-08-08,2018-08-08 15:19:52,59.4949,13.7511
2018-08-08,2018-08-08 15:19:59,65.7099,12.7653
2018-08-08,2018-08-08 15:19:59,60.4906,13.637
2018-08-08,2018-08-08 15:20:28,60.6546,13.5337
2018-08-08,2018-08-08 15:20:37,59.5097,13.7719
2018-08-08,2018-08-08 15:20:45,59.2899,13.7837
2018-08-08,2018-08-08 15:20:45,59.286,13.7846
2018-08-08,2018-08-08 15:20:49,59.806,14.5701
2018-08-08,2018-08-08 15:20:49,60.783,15.0031
2018-08-08,2018-08-08 15:21:51,60.56,13.5953
2018-08-08,2018-08-08 15:21:51,60.5441,13.5979
2018-08-08,2018-08-08 15:22:03,59.5251,13.8183
2018-08-08,2018-08-08 15:22:13,60.7495,13.6897
2018-08-08,2018-08-08 15:22:26,65.5201,13.6134
2018-08-08,2018-08-08 15:22:53,59.2979,13.8177
2018-08-08,2018-08-08 15:23:24,60.756,13.7428
2018-08-08,2018-08-08 15:23:24,60.7561,13.7433
2018-08-08,2018-08-08 15:23:30,59.5545,13.7962
2018-08-08,2018-08-08 15:23:33,59.835,14.6487
2018-08-08,2018-08-08 15:23:43,59.3052,13.8741
2018-08-08,2018-08-08 15:24:04,65.7181,12.7037
2018-08-08,2018-08-08 15:24:04,65.7304,12.75
2018-08-08,2018-08-08 15:24:22,60.776,13.7473
2018-08-08,2018-08-08 15:24:46,60.4603,13.61
2018-08-08,2018-08-08 15:24:46,60.4553,13.6171
2018-08-08,2018-08-08 15:24:46,60.5485,13.592
2018-08-08,2018-08-08 15:25:11,60.8077,15.0599
2018-08-08,2018-08-08 15:25:17,59.3311,13.4996
2018-08-08,2018-08-08 15:26:17,65.1052,13.2353
2018-08-08,2018-08-08 15:26:38,59.5317,13.8668
2018-08-08,2018-08-08 15:26:38,59.5301,13.8571
2018-08-08,2018-08-08 15:27:21,60.8528,14.9665
2018-08-08,2018-08-08 15:27:26,63.559,16.662
2018-08-08,2018-08-08 15:27:34,60.2754,5.5165
2018-08-08,2018-08-08 15:28:14,60.8086,13.8151
2018-08-08,2018-08-08 15:28:16,60.8449,15.102
2018-08-08,2018-08-08 15:28:31,59.9057,14.6063
2018-08-08,2018-08-08 15:28:45,60.4907,13.6832
2018-08-08,2018-08-08 15:28:46,60.5129,13.7115
2018-08-08,2018-08-08 15:28:46,60.5072,13.7118
2018-08-08,2018-08-08 15:29:00,59.3436,13.6052
2018-08-08,2018-08-08 15:29:00,59.3561,13.6072
2018-08-08,2018-08-08 15:29:00,59.3821,13.5886
2018-08-08,2018-08-08 15:29:12,63.5568,16.6654
2018-08-08,2018-08-08 15:30:26,59.5795,13.8771
2018-08-08,2018-08-08 15:30:26,59.5823,13.8811
2018-08-08,2018-08-08 15:30:26,59.5721,13.8791
2018-08-08,2018-08-08 15:30:26,59.5904,13.728
2018-08-08,2018-08-08 15:30:26,59.572,13.8845
2018-08-08,2018-08-08 15:30:26,59.5697,13.8697
2018-08-08,2018-08-08 15:30:26,59.5763,13.8823
2018-08-08,2018-08-08 15:30:26,59.5713,13.8821
2018-08-08,2018-08-08 15:30:30,60.2998,5.5221
2018-08-08,2018-08-08 15:30:30,60.2989,5.5195
2018-08-08,2018-08-08 15:30:42,63.6275,16.7682
2018-08-08,2018-08-08 15:30:42,63.5815,16.4247
2018-08-08,2018-08-08 15:31:34,60.5169,13.7982
2018-08-08,2018-08-08 15:31:45,63.5914,16.4415
2018-08-08,2018-08-08 15:31:45,63.591,16.5462
2018-08-08,2018-08-08 15:32:03,59.3821,13.6269
2018-08-08,2018-08-08 15:32:48,60.53,13.7562
2018-08-08,2018-08-08 15:33:23,60.9545,15.1417
2018-08-08,2018-08-08 15:33:23,59.6091,13.8995
2018-08-08,2018-08-08 15:33:23,59.6008,13.9003
2018-08-08,2018-08-08 15:33:23,59.6118,13.9003
2018-08-08,2018-08-08 15:33:23,59.6176,13.8968
2018-08-08,2018-08-08 15:33:23,60.9576,15.1394
2018-08-08,2018-08-08 15:33:23,60.9837,15.1426
2018-08-08,2018-08-08 15:33:25,59.4248,13.6414
2018-08-08,2018-08-08 15:33:47,59.9593,14.6349
2018-08-08,2018-08-08 15:33:47,59.9719,14.6051
2018-08-08,2018-08-08 15:33:47,59.9576,14.6006
2018-08-08,2018-08-08 15:33:53,59.4027,13.9352
2018-08-08,2018-08-08 15:34:16,60.8816,15.2473
2018-08-08,2018-08-08 15:34:16,60.8806,15.2349
2018-08-08,2018-08-08 15:34:16,60.8814,15.2196
2018-08-08,2018-08-08 15:34:19,59.4164,13.6524
2018-08-08,2018-08-08 15:34:19,59.416,13.6568
2018-08-08,2018-08-08 15:34:34,64.0017,16.8812
2018-08-08,2018-08-08 15:35:10,60.7683,13.6938
2018-08-08,2018-08-08 15:35:24,60.5123,14.0364
2018-08-08,2018-08-08 15:36:36,60.6964,13.7914
2018-08-08,2018-08-08 15:36:39,60.8773,13.7984
2018-08-08,2018-08-08 15:36:39,60.8589,13.7897
2018-08-08,2018-08-08 15:36:50,60.5193,13.7649
2018-08-08,2018-08-08 15:36:50,60.5224,13.7776
2018-08-08,2018-08-08 15:36:54,59.3896,14.1133
2018-08-08,2018-08-08 15:36:55,65.7448,13.3696
2018-08-08,2018-08-08 15:37:28,60.9128,13.8767
2018-08-08,2018-08-08 15:37:32,60.7922,13.7252
2018-08-08,2018-08-08 15:37:32,60.7925,13.7236
2018-08-08,2018-08-08 15:37:32,60.793,13.7211
2018-08-08,2018-08-08 15:37:32,60.7924,13.7265
2018-08-08,2018-08-08 15:38:04,60.8975,13.8281
2018-08-08,2018-08-08 15:38:11,64.0543,16.7266
2018-08-08,2018-08-08 15:38:11,64.057,16.7222
2018-08-08,2018-08-08 15:38:11,64.0497,16.7042
2018-08-08,2018-08-08 15:38:12,60.9697,15.1737
2018-08-08,2018-08-08 15:38:13,59.4261,14.0325
2018-08-08,2018-08-08 15:38:21,60.8003,13.712
2018-08-08,2018-08-08 15:38:35,60.8988,13.8171
2018-08-08,2018-08-08 15:39:07,60.9163,13.8249
2018-08-08,2018-08-08 15:39:07,60.9162,13.8272
2018-08-08,2018-08-08 15:39:07,60.9148,13.8276
2018-08-08,2018-08-08 15:39:46,65.8105,12.7501
2018-08-08,2018-08-08 15:39:46,65.8179,12.569
2018-08-08,2018-08-08 15:39:46,65.8598,12.3558
2018-08-08,2018-08-08 15:39:46,65.8261,12.7453
2018-08-08,2018-08-08 15:39:50,60.9292,13.8877
2018-08-08,2018-08-08 15:39:51,60.9615,13.9696
2018-08-08,2018-08-08 15:39:51,60.9275,13.8889
2018-08-08,2018-08-08 15:40:26,60.9188,13.8312
2018-08-08,2018-08-08 15:40:26,60.9525,13.8564
2018-08-08,2018-08-08 15:40:26,60.9791,13.9202
2018-08-08,2018-08-08 15:40:46,60.9865,15.4176
2018-08-08,2018-08-08 15:40:46,60.9887,15.4119
2018-08-08,2018-08-08 15:41:00,60.7747,13.7372
2018-08-08,2018-08-08 15:41:00,60.786,13.7406
2018-08-08,2018-08-08 15:41:00,60.8121,13.7447
2018-08-08,2018-08-08 15:41:00,60.7871,13.7376
2018-08-08,2018-08-08 15:41:09,65.6911,12.9969
2018-08-08,2018-08-08 15:41:18,65.3098,13.4208
2018-08-08,2018-08-08 15:41:19,61.071,14.0619
2018-08-08,2018-08-08 15:41:28,64.1503,16.9147
2018-08-08,2018-08-08 15:41:44,60.9277,13.9093
2018-08-08,2018-08-08 15:41:52,60.8197,13.7844
2018-08-08,2018-08-08 15:41:52,60.7855,13.7433
2018-08-08,2018-08-08 15:42:12,65.7129,14.3152
2018-08-08,2018-08-08 15:42:28,60.5689,13.9859
2018-08-08,2018-08-08 15:42:28,60.5768,14.0611
2018-08-08,2018-08-08 15:42:28,60.5857,14.0661
2018-08-08,2018-08-08 15:42:28,60.5905,14.0099
2018-08-08,2018-08-08 15:42:28,60.5886,14.0735
2018-08-08,2018-08-08 15:42:35,60.8371,13.7685
2018-08-08,2018-08-08 15:42:35,60.8229,13.7783
2018-08-08,2018-08-08 15:42:35,60.8107,13.7779
2018-08-08,2018-08-08 15:42:37,60.0141,14.9962
2018-08-08,2018-08-08 15:42:45,60.8093,13.7455
2018-08-08,2018-08-08 15:42:45,60.8079,13.7484
2018-08-08,2018-08-08 15:42:45,60.813,13.7561
2018-08-08,2018-08-08 15:42:57,59.498,14.0243
2018-08-08,2018-08-08 15:42:57,59.5036,14.0412
2018-08-08,2018-08-08 15:42:57,59.5009,14.0251
2018-08-08,2018-08-08 15:42:58,59.4508,14.1303
2018-08-08,2018-08-08 15:42:59,61.0297,14.1426
2018-08-08,2018-08-08 15:43:13,61.0048,15.3293
2018-08-08,2018-08-08 15:43:25,60.0532,14.7154
2018-08-08,2018-08-08 15:43:29,60.8367,13.7856
2018-08-08,2018-08-08 15:43:29,61.1182,14.1173
2018-08-08,2018-08-08 15:43:30,60.845,13.7404
2018-08-08,2018-08-08 15:43:30,60.8354,13.7844
2018-08-08,2018-08-08 15:43:30,60.8417,13.7756
2018-08-08,2018-08-08 15:43:54,60.6125,13.624
2018-08-08,2018-08-08 15:43:54,60.7789,13.8747
2018-08-08,2018-08-08 15:44:06,59.5067,14.0559
2018-08-08,2018-08-08 15:44:06,59.5445,14.0358
2018-08-08,2018-08-08 15:44:06,59.5096,14.0601
2018-08-08,2018-08-08 15:44:06,59.5265,13.9063
2018-08-08,2018-08-08 15:44:13,60.9863,13.9455
2018-08-08,2018-08-08 15:44:37,64.0867,16.8055
2018-08-08,2018-08-08 15:44:37,64.0643,16.9981
2018-08-08,2018-08-08 15:44:37,64.1433,16.9478
2018-08-08,2018-08-08 15:44:37,64.0466,16.8372
2018-08-08,2018-08-08 15:44:39,60.9474,13.9216
2018-08-08,2018-08-08 15:44:39,60.9607,13.9367
2018-08-08,2018-08-08 15:44:39,60.9449,13.9176
2018-08-08,2018-08-08 15:44:39,60.945,13.9162
2018-08-08,2018-08-08 15:44:44,59.8839,14.6877
2018-08-08,2018-08-08 15:44:50,60.0603,14.87
2018-08-08,2018-08-08 15:44:50,60.0636,14.9534
2018-08-08,2018-08-08 15:44:50,60.0595,14.9007
2018-08-08,2018-08-08 15:44:50,60.0568,14.8564
2018-08-08,2018-08-08 15:44:52,61.0241,15.3216
2018-08-08,2018-08-08 15:45:17,60.0647,14.9176
2018-08-08,2018-08-08 15:45:20,60.7762,13.9223
2018-08-08,2018-08-08 15:45:21,60.0342,15.0523
2018-08-08,2018-08-08 15:45:21,60.0335,15.0501
2018-08-08,2018-08-08 15:45:21,60.893,13.837
2018-08-08,2018-08-08 15:45:21,60.9561,13.9002
2018-08-08,2018-08-08 15:45:27,64.0082,11.75
2018-08-08,2018-08-08 15:45:27,65.756,14.2799
2018-08-08,2018-08-08 15:45:27,65.6437,14.2147
2018-08-08,2018-08-08 15:45:30,60.8301,13.773
2018-08-08,2018-08-08 15:45:39,60.079,14.8703
2018-08-08,2018-08-08 15:45:50,65.7365,13.6608
2018-08-08,2018-08-08 15:45:55,60.0493,15.0191
2018-08-08,2018-08-08 15:46:08,60.0409,14.9625
2018-08-08,2018-08-08 15:46:09,60.0457,14.9902
2018-08-08,2018-08-08 15:46:22,60.0699,14.9392
2018-08-08,2018-08-08 15:46:23,60.9648,13.8929
2018-08-08,2018-08-08 15:46:23,60.9613,13.878
2018-08-08,2018-08-08 15:46:24,60.8362,13.7742
2018-08-08,2018-08-08 15:46:28,60.8371,13.7988
2018-08-08,2018-08-08 15:46:31,60.0521,14.9311
2018-08-08,2018-08-08 15:46:34,61.0194,13.9159
2018-08-08,2018-08-08 15:46:41,60.0612,15.0373
2018-08-08,2018-08-08 15:46:44,60.0602,14.9696
2018-08-08,2018-08-08 15:46:47,59.9015,14.6743
2018-08-08,2018-08-08 15:46:48,59.9065,14.6849
2018-08-08,2018-08-08 15:46:57,60.1095,14.9032
2018-08-08,2018-08-08 15:47:02,60.8422,13.7887
2018-08-08,2018-08-08 15:47:03,60.0941,14.9017
2018-08-08,2018-08-08 15:47:03,60.107,14.9461
2018-08-08,2018-08-08 15:47:03,60.1047,14.9013
2018-08-08,2018-08-08 15:47:03,60.1035,14.8618
2018-08-08,2018-08-08 15:47:03,60.9953,13.9152
2018-08-08,2018-08-08 15:47:05,65.8522,12.7965
2018-08-08,2018-08-08 15:47:11,60.8233,13.9046
2018-08-08,2018-08-08 15:47:16,60.0729,14.9728
2018-08-08,2018-08-08 15:47:16,60.0724,15.0293
2018-08-08,2018-08-08 15:47:16,60.058,14.9836
2018-08-08,2018-08-08 15:47:23,59.5821,14.1357
2018-08-08,2018-08-08 15:47:23,59.5551,14.1123
2018-08-08,2018-08-08 15:47:30,60.0768,14.96
2018-08-08,2018-08-08 15:47:34,60.0829,14.8898
2018-08-08,2018-08-08 15:47:48,60.9943,13.9167
2018-08-08,2018-08-08 15:47:48,60.976,13.891
2018-08-08,2018-08-08 15:47:54,60.1012,14.9037
2018-08-08,2018-08-08 15:47:54,60.1036,14.9367
2018-08-08,2018-08-08 15:48:04,60.6387,14.1158
2018-08-08,2018-08-08 15:48:04,60.6444,14.1656
2018-08-08,2018-08-08 15:48:10,61.0445,14.0878
2018-08-08,2018-08-08 15:48:11,60.1039,14.911
2018-08-08,2018-08-08 15:48:11,60.1086,14.998
2018-08-08,2018-08-08 15:48:11,60.1005,14.9075
2018-08-08,2018-08-08 15:48:11,60.0813,14.9775
2018-08-08,2018-08-08 15:48:11,60.0993,14.9056
2018-08-08,2018-08-08 15:48:11,60.1025,14.9067
2018-08-08,2018-08-08 15:48:11,60.1022,14.8611
2018-08-08,2018-08-08 15:48:13,60.1057,15.1555
2018-08-08,2018-08-08 15:48:14,60.0729,14.984
2018-08-08,2018-08-08 15:48:29,59.5799,14.1705
2018-08-08,2018-08-08 15:48:29,59.5716,14.1564
2018-08-08,2018-08-08 15:48:29,59.5885,14.1477
2018-08-08,2018-08-08 15:48:29,59.5874,14.1731
2018-08-08,2018-08-08 15:48:29,59.5422,14.1761
2018-08-08,2018-08-08 15:48:29,59.5825,14.1553
2018-08-08,2018-08-08 15:48:33,60.0761,14.9895
2018-08-08,2018-08-08 15:48:36,60.0939,14.9247
2018-08-08,2018-08-08 15:48:36,60.0974,15.0065
2018-08-08,2018-08-08 15:48:36,60.075,14.9972
2018-08-08,2018-08-08 15:48:36,60.0909,14.9513
2018-08-08,2018-08-08 15:48:36,60.0979,15.0061
2018-08-08,2018-08-08 15:48:38,59.9199,14.6154
2018-08-08,2018-08-08 15:48:49,60.988,14.0067
2018-08-08,2018-08-08 15:48:49,61.0285,13.9719
2018-08-08,2018-08-08 15:48:50,61.0,13.9685
2018-08-08,2018-08-08 15:48:53,60.8595,13.835
2018-08-08,2018-08-08 15:49:04,60.0886,14.9184
2018-08-08,2018-08-08 15:49:13,60.1256,15.0169
2018-08-08,2018-08-08 15:49:14,60.0894,14.9822
2018-08-08,2018-08-08 15:49:14,60.085,14.9594
2018-08-08,2018-08-08 15:49:20,60.6634,14.1961
2018-08-08,2018-08-08 15:49:20,60.6636,14.1892
2018-08-08,2018-08-08 15:49:27,59.5898,14.1818
2018-08-08,2018-08-08 15:49:31,61.0247,13.968
2018-08-08,2018-08-08 15:49:34,60.0951,14.9267
2018-08-08,2018-08-08 15:49:34,60.0933,14.9497
2018-08-08,2018-08-08 15:49:34,60.0877,14.9131
2018-08-08,2018-08-08 15:49:34,60.0958,14.967
2018-08-08,2018-08-08 15:49:34,60.0991,14.974
2018-08-08,2018-08-08 15:49:34,60.0943,14.981
2018-08-08,2018-08-08 15:49:34,60.0989,14.938
2018-08-08,2018-08-08 15:49:43,61.0745,15.4878
2018-08-08,2018-08-08 15:49:43,61.0796,15.4993
2018-08-08,2018-08-08 15:49:47,60.8695,13.8269
2018-08-08,2018-08-08 15:49:47,60.8768,13.87
2018-08-08,2018-08-08 15:49:47,60.8789,13.831
2018-08-08,2018-08-08 15:49:47,60.85,13.8489
2018-08-08,2018-08-08 15:49:51,60.1101,14.947
2018-08-08,2018-08-08 15:50:05,60.1092,14.9551
2018-08-08,2018-08-08 15:50:08,60.0041,15.016
2018-08-08,2018-08-08 15:50:09,60.1386,14.9425
2018-08-08,2018-08-08 15:50:09,60.1335,14.953
2018-08-08,2018-08-08 15:50:09,60.1438,15.0169
2018-08-08,2018-08-08 15:50:09,60.1398,14.914
2018-08-08,2018-08-08 15:50:19,60.0951,14.995
2018-08-08,2018-08-08 15:50:19,60.0954,15.0271
2018-08-08,2018-08-08 15:50:20,60.0907,14.9439
2018-08-08,2018-08-08 15:50:21,60.9977,13.9394
2018-08-08,2018-08-08 15:50:38,60.022,15.1382
2018-08-08,2018-08-08 15:50:39,60.1148,14.8325
2018-08-08,2018-08-08 15:50:40,61.0435,13.9123
2018-08-08,2018-08-08 15:50:45,60.1376,14.94
2018-08-08,2018-08-08 15:50:49,59.5995,14.1693
2018-08-08,2018-08-08 15:51:02,61.0234,13.974
2018-08-08,2018-08-08 15:51:03,61.0661,14.0736
2018-08-08,2018-08-08 15:51:03,61.0371,13.913
2018-08-08,2018-08-08 15:51:05,60.1218,15.0037
2018-08-08,2018-08-08 15:51:05,60.1221,14.9733
2018-08-08,2018-08-08 15:51:05,60.1236,14.9722
2018-08-08,2018-08-08 15:51:15,65.9338,12.0696
2018-08-08,2018-08-08 15:51:22,60.6992,14.2065
2018-08-08,2018-08-08 15:51:28,60.089,15.0567
2018-08-08,2018-08-08 15:51:28,60.1436,14.9562
2018-08-08,2018-08-08 15:51:28,60.088,15.1196
2018-08-08,2018-08-08 15:51:33,60.1478,14.7557
2018-08-08,2018-08-08 15:51:42,60.0734,15.1042
2018-08-08,2018-08-08 15:51:42,60.0931,15.1158
2018-08-08,2018-08-08 15:51:42,60.0902,15.0608
2018-08-08,2018-08-08 15:51:50,60.1092,15.0094
2018-08-08,2018-08-08 15:51:53,60.1463,14.8915
2018-08-08,2018-08-08 15:51:53,60.139,14.8454
2018-08-08,2018-08-08 15:52:03,60.8331,14.0147
2018-08-08,2018-08-08 15:52:20,61.1393,14.3294
2018-08-08,2018-08-08 15:52:22,60.1262,14.9994
2018-08-08,2018-08-08 15:52:23,60.1323,15.0457
2018-08-08,2018-08-08 15:52:23,60.1333,15.0635
2018-08-08,2018-08-08 15:52:27,60.8499,13.9287
2018-08-08,2018-08-08 15:52:27,60.8441,13.9576
2018-08-08,2018-08-08 15:52:27,59.9507,14.7696
2018-08-08,2018-08-08 15:52:27,60.8541,13.9322
2018-08-08,2018-08-08 15:52:27,60.8619,13.9566
2018-08-08,2018-08-08 15:52:27,60.8515,13.9263
2018-08-08,2018-08-08 15:52:29,61.0384,14.0223
2018-08-08,2018-08-08 15:52:37,60.1296,15.0452
2018-08-08,2018-08-08 15:52:44,61.0369,13.962
2018-08-08,2018-08-08 15:52:48,60.1475,14.9278
2018-08-08,2018-08-08 15:52:50,60.8672,14.0005
2018-08-08,2018-08-08 15:52:50,60.8632,13.9976
2018-08-08,2018-08-08 15:52:50,60.8664,14.0038
2018-08-08,2018-08-08 15:52:50,60.8642,14.0032
2018-08-08,2018-08-08 15:52:50,60.8656,14.0054
2018-08-08,2018-08-08 15:52:50,60.8668,13.9965
2018-08-08,2018-08-08 15:53:02,60.8894,13.8962
2018-08-08,2018-08-08 15:53:05,59.6189,14.2966
2018-08-08,2018-08-08 15:53:11,61.0647,13.9963
2018-08-08,2018-08-08 15:53:33,60.074,15.1133
2018-08-08,2018-08-08 15:53:39,61.0659,14.0254
2018-08-08,2018-08-08 15:53:46,60.1234,15.098
2018-08-08,2018-08-08 15:53:46,60.1197,15.0608
2018-08-08,2018-08-08 15:53:46,60.1209,15.0619
2018-08-08,2018-08-08 15:53:46,60.1517,14.9901
2018-08-08,2018-08-08 15:53:46,60.1202,15.057
2018-08-08,2018-08-08 15:53:47,60.1277,15.1015
2018-08-08,2018-08-08 15:53:47,60.1255,15.1194
2018-08-08,2018-08-08 15:53:51,60.1516,14.9238
2018-08-08,2018-08-08 15:53:58,60.8917,14.0333
2018-08-08,2018-08-08 15:53:58,60.879,13.9482
2018-08-08,2018-08-08 15:53:58,60.8595,14.0042
2018-08-08,2018-08-08 15:53:59,60.8765,13.9411
2018-08-08,2018-08-08 15:54:05,60.1241,15.0342
2018-08-08,2018-08-08 15:54:05,60.1227,15.0032
2018-08-08,2018-08-08 15:54:09,60.1626,14.9894
2018-08-08,2018-08-08 15:54:19,60.115,15.0233
2018-08-08,2018-08-08 15:54:22,61.0809,14.0356
2018-08-08,2018-08-08 15:54:22,61.076,14.0057
2018-08-08,2018-08-08 15:54:22,61.0733,14.0092
2018-08-08,2018-08-08 15:54:23,61.0773,14.0067
2018-08-08,2018-08-08 15:54:23,61.0765,14.0075
2018-08-08,2018-08-08 15:54:23,61.0767,14.0068
2018-08-08,2018-08-08 15:54:23,61.0745,14.0031
2018-08-08,2018-08-08 15:54:23,61.0753,14.0069
2018-08-08,2018-08-08 15:54:23,61.0755,14.0075
2018-08-08,2018-08-08 15:54:23,61.0776,14.0057
2018-08-08,2018-08-08 15:54:26,61.0487,14.3519
2018-08-08,2018-08-08 15:54:26,61.0162,13.9861
2018-08-08,2018-08-08 15:54:27,60.857,14.013
2018-08-08,2018-08-08 15:54:27,60.8585,14.042
2018-08-08,2018-08-08 15:54:27,60.9251,14.415
2018-08-08,2018-08-08 15:54:27,60.8601,14.043
2018-08-08,2018-08-08 15:54:38,60.9034,13.9021
2018-08-08,2018-08-08 15:54:42,61.0611,13.9791
2018-08-08,2018-08-08 15:54:49,60.836,14.0359
2018-08-08,2018-08-08 15:54:52,65.8591,11.7897
2018-08-08,2018-08-08 15:55:00,60.8656,14.0433
2018-08-08,2018-08-08 15:55:00,60.8708,14.0405
2018-08-08,2018-08-08 15:55:02,61.0501,14.0104
2018-08-08,2018-08-08 15:55:05,60.1255,15.1568
2018-08-08,2018-08-08 15:55:15,60.1628,14.946
2018-08-08,2018-08-08 15:55:15,60.1681,14.9522
2018-08-08,2018-08-08 15:55:20,60.9,14.0138
2018-08-08,2018-08-08 15:55:20,60.8677,13.9941
2018-08-08,2018-08-08 15:55:23,61.1565,14.2855
2018-08-08,2018-08-08 15:55:36,61.3568,14.074
2018-08-08,2018-08-08 15:55:36,61.3554,14.0783
2018-08-08,2018-08-08 15:55:45,61.2766,14.1808
2018-08-08,2018-08-08 15:55:52,60.1498,14.9485
2018-08-08,2018-08-08 15:55:55,60.1327,15.0506
2018-08-08,2018-08-08 15:56:07,60.2224,14.9625
2018-08-08,2018-08-08 15:56:08,61.0764,14.0757
2018-08-08,2018-08-08 15:56:08,61.0514,14.013
2018-08-08,2018-08-08 15:56:17,61.1886,14.1584
2018-08-08,2018-08-08 15:56:17,60.8936,14.0671
2018-08-08,2018-08-08 15:56:17,60.8901,14.0648
2018-08-08,2018-08-08 15:56:29,60.1525,15.1427
2018-08-08,2018-08-08 15:56:30,60.1499,15.1028
2018-08-08,2018-08-08 15:56:30,60.9231,14.0047
2018-08-08,2018-08-08 15:56:30,60.9116,13.9786
2018-08-08,2018-08-08 15:56:30,60.1494,15.147
2018-08-08,2018-08-08 15:56:31,60.8934,13.9343
2018-08-08,2018-08-08 15:56:38,59.6769,14.1918
2018-08-08,2018-08-08 15:56:39,60.1677,15.0514
2018-08-08,2018-08-08 15:56:40,66.0347,12.0932
2018-08-08,2018-08-08 15:56:49,61.0867,14.0506
2018-08-08,2018-08-08 15:56:49,61.0587,13.9825
2018-08-08,2018-08-08 15:56:49,61.0585,14.0585
2018-08-08,2018-08-08 15:56:49,61.0677,14.0145
2018-08-08,2018-08-08 15:56:49,61.0999,13.9816
2018-08-08,2018-08-08 15:57:02,60.9041,13.898
2018-08-08,2018-08-08 15:57:10,60.9161,13.9027
2018-08-08,2018-08-08 15:57:11,60.1589,15.06
2018-08-08,2018-08-08 15:57:11,60.1558,15.0709
2018-08-08,2018-08-08 15:57:11,60.1541,15.0084
2018-08-08,2018-08-08 15:57:11,60.1579,15.1002
2018-08-08,2018-08-08 15:57:12,60.1573,15.098
2018-08-08,2018-08-08 15:57:13,61.1483,15.4453
2018-08-08,2018-08-08 15:57:19,60.1329,15.1919
2018-08-08,2018-08-08 15:57:19,60.1408,15.2063
2018-08-08,2018-08-08 15:57:23,60.8632,14.0599
2018-08-08,2018-08-08 15:57:23,60.8629,14.0593
2018-08-08,2018-08-08 15:57:23,60.8623,14.0641
2018-08-08,2018-08-08 15:57:23,60.8656,14.0661
2018-08-08,2018-08-08 15:57:25,60.0965,15.1198
2018-08-08,2018-08-08 15:57:30,61.1057,14.1659
2018-08-08,2018-08-08 15:57:34,60.1861,14.9597
2018-08-08,2018-08-08 15:57:34,60.2141,15.0121
2018-08-08,2018-08-08 15:57:37,60.072,15.1556
2018-08-08,2018-08-08 15:57:37,60.0765,15.1841
2018-08-08,2018-08-08 15:57:37,60.0776,15.2037
2018-08-08,2018-08-08 15:57:37,60.061,15.1381
2018-08-08,2018-08-08 15:57:37,60.0749,15.1177
2018-08-08,2018-08-08 15:57:42,66.1477,12.2138
2018-08-08,2018-08-08 15:57:44,59.6438,14.2584
2018-08-08,2018-08-08 15:57:49,60.0716,15.1685
2018-08-08,2018-08-08 15:57:49,60.9391,14.0256
2018-08-08,2018-08-08 15:57:51,61.1618,14.1221
2018-08-08,2018-08-08 15:57:52,61.1621,14.1213
2018-08-08,2018-08-08 15:57:52,61.1626,14.1205
2018-08-08,2018-08-08 15:57:52,61.1607,14.1167
2018-08-08,2018-08-08 15:57:52,61.1642,14.1216
2018-08-08,2018-08-08 15:57:54,60.1646,15.1405
2018-08-08,2018-08-08 15:57:56,60.1728,15.071
2018-08-08,2018-08-08 15:57:56,60.1713,15.0045
2018-08-08,2018-08-08 15:57:56,60.1755,15.0897
2018-08-08,2018-08-08 15:57:56,60.1755,15.0898
2018-08-08,2018-08-08 15:58:00,59.6219,14.329
2018-08-08,2018-08-08 15:58:05,60.7638,14.2709
2018-08-08,2018-08-08 15:58:10,60.0752,15.1738
2018-08-08,2018-08-08 15:58:11,61.0572,14.1289
2018-08-08,2018-08-08 15:58:22,60.1961,15.0704
2018-08-08,2018-08-08 15:58:22,60.1984,15.0473
2018-08-08,2018-08-08 15:58:23,60.2013,15.0927
2018-08-08,2018-08-08 15:58:31,59.7084,14.2426
2018-08-08,2018-08-08 15:58:33,60.1722,15.1255
2018-08-08,2018-08-08 15:58:35,60.0821,15.109
2018-08-08,2018-08-08 15:58:39,61.0617,14.0535
2018-08-08,2018-08-08 15:58:39,61.0616,14.0452
2018-08-08,2018-08-08 15:58:39,61.061,14.0556
2018-08-08,2018-08-08 15:58:42,60.0048,14.8182
2018-08-08,2018-08-08 15:58:44,61.1643,15.4539
2018-08-08,2018-08-08 15:58:44,60.9049,14.2054
2018-08-08,2018-08-08 15:58:44,61.1568,15.4346
2018-08-08,2018-08-08 15:58:45,60.0702,15.2433
2018-08-08,2018-08-08 15:58:45,60.0682,15.1866
2018-08-08,2018-08-08 15:58:45,60.173,15.1495
2018-08-08,2018-08-08 15:58:45,60.0679,15.2325
2018-08-08,2018-08-08 15:58:46,60.2257,14.9805
2018-08-08,2018-08-08 15:58:46,60.1832,14.9777
2018-08-08,2018-08-08 15:58:57,60.1145,15.1243
2018-08-08,2018-08-08 15:58:57,60.0916,15.1029
2018-08-08,2018-08-08 15:59:04,65.817,12.2969
2018-08-08,2018-08-08 15:59:04,65.9585,12.1743
2018-08-08,2018-08-08 15:59:04,66.003,12.4515
2018-08-08,2018-08-08 15:59:07,60.0801,15.1491
2018-08-08,2018-08-08 15:59:10,60.0789,15.2091
2018-08-08,2018-08-08 15:59:10,60.079,15.2081
2018-08-08,2018-08-08 15:59:10,60.0811,15.1843
2018-08-08,2018-08-08 15:59:18,60.2097,14.9133
2018-08-08,2018-08-08 15:59:26,60.1192,15.1661
2018-08-08,2018-08-08 15:59:26,60.1605,15.1972
2018-08-08,2018-08-08 15:59:26,60.1656,15.0421
2018-08-08,2018-08-08 15:59:26,60.1731,15.138
2018-08-08,2018-08-08 15:59:33,60.7205,14.1776
2018-08-08,2018-08-08 15:59:38,60.2268,15.0836
2018-08-08,2018-08-08 15:59:38,60.2036,15.0511
2018-08-08,2018-08-08 15:59:38,60.2251,15.1987
2018-08-08,2018-08-08 15:59:38,60.2218,15.0593
2018-08-08,2018-08-08 15:59:38,60.2297,15.0807
2018-08-08,2018-08-08 15:59:39,60.0804,15.1261
2018-08-08,2018-08-08 15:59:43,60.1006,15.1501
2018-08-08,2018-08-08 15:59:43,60.1069,15.1912
2018-08-08,2018-08-08 15:59:43,60.1054,15.2109
2018-08-08,2018-08-08 15:59:45,60.092,15.07
2018-08-08,2018-08-08 15:59:46,60.8631,14.1138
2018-08-08,2018-08-08 15:59:50,61.0802,14.0804
2018-08-08,2018-08-08 15:59:50,61.0687,14.1491
2018-08-08,2018-08-08 15:59:50,61.0807,14.1376
2018-08-08,2018-08-08 15:59:50,61.0988,14.1074
2018-08-08,2018-08-08 15:59:53,60.1356,15.3808
2018-08-08,2018-08-08 15:59:53,60.056,15.1454
2018-08-08,2018-08-08 15:59:54,66.0409,12.2481
2018-08-08,2018-08-08 15:59:58,60.1857,15.1821
2018-08-08,2018-08-08 15:59:59,60.1618,15.1211
2018-08-08,2018-08-08 16:00:01,66.1569,12.1887
2018-08-08,2018-08-08 16:00:02,60.1008,15.2377
2018-08-08,2018-08-08 16:00:10,60.1826,15.1944
2018-08-08,2018-08-08 16:00:11,60.2197,15.0748
2018-08-08,2018-08-08 16:00:12,60.1302,15.1688
2018-08-08,2018-08-08 16:00:14,61.1239,14.0976
2018-08-08,2018-08-08 16:00:14,61.1256,14.1026
2018-08-08,2018-08-08 16:00:19,60.151,15.1385
2018-08-08,2018-08-08 16:00:19,60.1567,15.111
2018-08-08,2018-08-08 16:00:19,60.1743,15.1073
2018-08-08,2018-08-08 16:00:19,60.1982,15.0992
2018-08-08,2018-08-08 16:00:33,60.1177,15.1648
2018-08-08,2018-08-08 16:00:33,60.1405,15.1483
2018-08-08,2018-08-08 16:00:38,61.0859,14.0254
2018-08-08,2018-08-08 16:00:45,60.1861,15.166
2018-08-08,2018-08-08 16:00:45,60.2099,14.96
2018-08-08,2018-08-08 16:00:49,60.0806,15.1864
2018-08-08,2018-08-08 16:00:53,60.1491,15.199
2018-08-08,2018-08-08 16:00:53,60.1473,15.2417
2018-08-08,2018-08-08 16:00:54,60.1474,15.1954
2018-08-08,2018-08-08 16:00:54,60.1487,15.2613
2018-08-08,2018-08-08 16:00:54,60.1484,15.2612
2018-08-08,2018-08-08 16:00:55,60.1506,15.1324
2018-08-08,2018-08-08 16:00:57,60.2127,15.1723
2018-08-08,2018-08-08 16:01:02,60.9372,14.104
2018-08-08,2018-08-08 16:01:06,60.1867,15.2059
2018-08-08,2018-08-08 16:01:10,59.7211,14.2657
2018-08-08,2018-08-08 16:01:10,59.7259,14.262
2018-08-08,2018-08-08 16:01:10,60.2136,14.9507
2018-08-08,2018-08-08 16:01:10,59.7294,14.242
2018-08-08,2018-08-08 16:01:10,59.7227,14.2413
2018-08-08,2018-08-08 16:01:18,62.758,5.3681
2018-08-08,2018-08-08 16:01:19,61.1329,14.0936
2018-08-08,2018-08-08 16:01:24,60.1805,15.0985
2018-08-08,2018-08-08 16:01:24,60.1984,15.0996
2018-08-08,2018-08-08 16:01:24,60.1561,15.1898
2018-08-08,2018-08-08 16:01:24,60.1869,15.1379
2018-08-08,2018-08-08 16:01:24,60.1852,15.138
2018-08-08,2018-08-08 16:01:24,60.1166,15.2375
2018-08-08,2018-08-08 16:01:27,60.0983,15.2143
2018-08-08,2018-08-08 16:01:40,60.1008,15.2379
2018-08-08,2018-08-08 16:01:40,60.0936,15.216
2018-08-08,2018-08-08 16:01:40,60.0892,15.2453
2018-08-08,2018-08-08 16:01:40,60.1336,15.1811
2018-08-08,2018-08-08 16:01:40,60.0863,15.2213
2018-08-08,2018-08-08 16:01:40,60.0885,15.2445
2018-08-08,2018-08-08 16:01:40,60.088,15.2266
2018-08-08,2018-08-08 16:01:40,60.08,15.22
2018-08-08,2018-08-08 16:01:41,60.0897,15.2455
2018-08-08,2018-08-08 16:01:49,60.182,15.1242
2018-08-08,2018-08-08 16:01:49,60.1645,15.0359
2018-08-08,2018-08-08 16:01:49,60.1605,15.0206
2018-08-08,2018-08-08 16:01:54,60.1976,15.1805
2018-08-08,2018-08-08 16:01:54,61.1796,15.4654
2018-08-08,2018-08-08 16:02:00,60.2409,15.0479
2018-08-08,2018-08-08 16:02:06,60.1047,15.206
2018-08-08,2018-08-08 16:02:07,60.1693,15.1193
2018-08-08,2018-08-08 16:02:11,61.0925,14.119
2018-08-08,2018-08-08 16:02:16,60.1084,15.1605
2018-08-08,2018-08-08 16:02:18,60.1683,15.2808
2018-08-08,2018-08-08 16:02:19,60.145,15.2599
2018-08-08,2018-08-08 16:02:19,60.1567,15.2451
2018-08-08,2018-08-08 16:02:19,60.1446,15.2512
2018-08-08,2018-08-08 16:02:25,60.2309,15.0062
2018-08-08,2018-08-08 16:02:28,60.1863,15.1955
2018-08-08,2018-08-08 16:02:28,60.2037,15.2481
2018-08-08,2018-08-08 16:02:35,60.19,15.1436
2018-08-08,2018-08-08 16:02:35,60.1874,15.1485
2018-08-08,2018-08-08 16:02:36,60.2561,15.0106
2018-08-08,2018-08-08 16:02:36,60.2514,15.0273
2018-08-08,2018-08-08 16:02:36,60.2535,14.9913
2018-08-08,2018-08-08 16:02:37,60.1973,15.2202
2018-08-08,2018-08-08 16:02:38,60.1761,15.0944
2018-08-08,2018-08-08 16:02:38,60.1773,15.103
2018-08-08,2018-08-08 16:02:38,60.1788,15.1526
2018-08-08,2018-08-08 16:02:38,60.1807,15.1721
2018-08-08,2018-08-08 16:02:38,60.1771,15.0876
2018-08-08,2018-08-08 16:02:38,60.1806,15.1723
2018-08-08,2018-08-08 16:02:38,60.1854,15.1897
2018-08-08,2018-08-08 16:02:40,61.1152,14.0646
2018-08-08,2018-08-08 16:02:40,61.1138,14.0592
2018-08-08,2018-08-08 16:02:41,60.102,15.1628
2018-08-08,2018-08-08 16:02:49,60.1219,15.2904
2018-08-08,2018-08-08 16:02:52,61.4108,14.1785
2018-08-08,2018-08-08 16:02:52,61.4062,14.1562
2018-08-08,2018-08-08 16:02:52,61.5437,14.6471
2018-08-08,2018-08-08 16:03:02,60.1867,15.1953
2018-08-08,2018-08-08 16:03:03,60.2012,15.0909
2018-08-08,2018-08-08 16:03:03,60.1919,15.2361
2018-08-08,2018-08-08 16:03:03,60.2017,15.1045
2018-08-08,2018-08-08 16:03:03,60.1913,15.2335
2018-08-08,2018-08-08 16:03:04,60.2029,15.0652
2018-08-08,2018-08-08 16:03:07,60.1273,15.2768
2018-08-08,2018-08-08 16:03:09,60.2301,15.018
2018-08-08,2018-08-08 16:03:11,60.1911,14.8788
2018-08-08,2018-08-08 16:03:15,60.2708,15.1542
2018-08-08,2018-08-08 16:03:17,60.1828,15.2205
2018-08-08,2018-08-08 16:03:17,60.1808,15.2356
2018-08-08,2018-08-08 16:03:24,60.2239,15.2139
2018-08-08,2018-08-08 16:03:28,60.1188,15.2345
2018-08-08,2018-08-08 16:03:28,60.1197,15.2027
2018-08-08,2018-08-08 16:03:28,60.1168,15.235
2018-08-08,2018-08-08 16:03:28,60.1175,15.1843
2018-08-08,2018-08-08 16:03:30,60.199,15.1765
2018-08-08,2018-08-08 16:03:30,60.1998,15.1869
2018-08-08,2018-08-08 16:03:35,60.1946,15.1458
2018-08-08,2018-08-08 16:03:35,60.1908,15.0814
2018-08-08,2018-08-08 16:03:35,60.1916,15.1143
2018-08-08,2018-08-08 16:03:35,60.1973,15.1742
2018-08-08,2018-08-08 16:03:35,60.1956,15.1156
2018-08-08,2018-08-08 16:03:38,60.8249,14.2825
2018-08-08,2018-08-08 16:03:42,60.1138,14.4799
2018-08-08,2018-08-08 16:03:42,60.2689,14.778
2018-08-08,2018-08-08 16:03:44,60.2399,15.0308
2018-08-08,2018-08-08 16:03:44,60.2313,15.0004
2018-08-08,2018-08-08 16:03:46,66.0694,12.2318
2018-08-08,2018-08-08 16:03:46,66.0515,12.2497
2018-08-08,2018-08-08 16:03:47,66.0778,12.3959
2018-08-08,2018-08-08 16:03:49,60.1946,15.2562
2018-08-08,2018-08-08 16:03:49,60.1349,15.2551
2018-08-08,2018-08-08 16:03:49,60.1307,15.1854
2018-08-08,2018-08-08 16:03:49,60.1968,15.1391
2018-08-08,2018-08-08 16:03:52,61.0937,14.0855
2018-08-08,2018-08-08 16:03:52,61.1015,14.0499
2018-08-08,2018-08-08 16:03:53,61.1023,14.0525
2018-08-08,2018-08-08 16:04:01,60.2029,15.2087
2018-08-08,2018-08-08 16:04:05,60.2004,15.2051
2018-08-08,2018-08-08 16:04:07,60.2062,15.1482
2018-08-08,2018-08-08 16:04:14,60.2118,15.1742
2018-08-08,2018-08-08 16:04:14,60.2097,15.1764
2018-08-08,2018-08-08 16:04:14,60.2179,15.1735
2018-08-08,2018-08-08 16:04:16,60.1696,15.2758
2018-08-08,2018-08-08 16:04:16,60.1663,15.2552
2018-08-08,2018-08-08 16:04:16,60.1683,15.2753
2018-08-08,2018-08-08 16:04:20,60.1919,15.2894
2018-08-08,2018-08-08 16:04:21,60.084,15.1628
2018-08-08,2018-08-08 16:04:24,60.2121,15.186
2018-08-08,2018-08-08 16:04:24,60.1248,15.2058
2018-08-08,2018-08-08 16:04:27,59.7478,14.2943
2018-08-08,2018-08-08 16:04:27,59.743,14.0994
2018-08-08,2018-08-08 16:04:27,59.7617,14.2889
2018-08-08,2018-08-08 16:04:27,59.7687,14.3745
2018-08-08,2018-08-08 16:04:30,60.1366,15.2886
2018-08-08,2018-08-08 16:04:30,60.1315,15.2589
2018-08-08,2018-08-08 16:04:35,60.8792,14.1166
2018-08-08,2018-08-08 16:04:36,60.202,15.2293
2018-08-08,2018-08-08 16:04:36,60.9703,14.0936
2018-08-08,2018-08-08 16:04:36,60.2024,15.0813
2018-08-08,2018-08-08 16:04:36,60.2065,15.1656
2018-08-08,2018-08-08 16:04:37,61.1498,14.2125
2018-08-08,2018-08-08 16:04:37,61.1006,14.0891
2018-08-08,2018-08-08 16:04:37,60.1453,15.2289
2018-08-08,2018-08-08 16:04:38,60.1467,15.265
2018-08-08,2018-08-08 16:04:42,60.1368,15.2683
2018-08-08,2018-08-08 16:04:42,60.1322,15.205
2018-08-08,2018-08-08 16:04:42,60.1349,15.2648
2018-08-08,2018-08-08 16:04:42,60.1352,15.2694
2018-08-08,2018-08-08 16:04:42,60.1342,15.2679
2018-08-08,2018-08-08 16:04:44,60.2252,15.1048
2018-08-08,2018-08-08 16:04:45,60.122,15.0369
2018-08-08,2018-08-08 16:04:47,60.211,15.2265
2018-08-08,2018-08-08 16:04:51,60.1533,15.2825
2018-08-08,2018-08-08 16:04:51,60.1579,15.2781
2018-08-08,2018-08-08 16:04:59,60.2036,15.0891
2018-08-08,2018-08-08 16:04:59,60.2106,15.2108
2018-08-08,2018-08-08 16:05:00,60.2394,14.8795
2018-08-08,2018-08-08 16:05:02,60.1547,15.2281
2018-08-08,2018-08-08 16:05:02,60.1561,15.2971
2018-08-08,2018-08-08 16:05:03,60.2117,15.2118
2018-08-08,2018-08-08 16:05:04,61.2961,14.3111
2018-08-08,2018-08-08 16:05:04,60.2223,15.133
2018-08-08,2018-08-08 16:05:04,60.2315,15.0871
2018-08-08,2018-08-08 16:05:04,60.213,15.1168
2018-08-08,2018-08-08 16:05:05,60.2157,15.1366
2018-08-08,2018-08-08 16:05:13,60.2178,15.2108
2018-08-08,2018-08-08 16:05:13,60.2192,15.1628
2018-08-08,2018-08-08 16:05:13,60.2251,15.2289
2018-08-08,2018-08-08 16:05:14,60.1314,15.2521
2018-08-08,2018-08-08 16:05:14,60.1367,15.3107
2018-08-08,2018-08-08 16:05:14,60.1334,15.3031
2018-08-08,2018-08-08 16:05:14,60.1446,15.4024
2018-08-08,2018-08-08 16:05:14,60.1376,15.251
2018-08-08,2018-08-08 16:05:14,60.1401,15.3296
2018-08-08,2018-08-08 16:05:17,61.1951,15.5085
2018-08-08,2018-08-08 16:05:17,61.2145,15.5029
2018-08-08,2018-08-08 16:05:17,61.219,15.4788
2018-08-08,2018-08-08 16:05:21,59.7197,14.3444
2018-08-08,2018-08-08 16:05:28,66.0602,12.183
2018-08-08,2018-08-08 16:05:28,66.0931,12.0034
2018-08-08,2018-08-08 16:05:30,60.134,15.2995
2018-08-08,2018-08-08 16:05:31,60.2277,15.1635
2018-08-08,2018-08-08 16:05:34,60.142,15.2086
2018-08-08,2018-08-08 16:05:37,60.2257,15.1625
2018-08-08,2018-08-08 16:05:38,60.2091,15.0457
2018-08-08,2018-08-08 16:05:38,60.215,15.1132
2018-08-08,2018-08-08 16:05:38,60.216,15.1357
2018-08-08,2018-08-08 16:05:38,60.2146,15.1479
2018-08-08,2018-08-08 16:05:39,60.2404,15.1344
2018-08-08,2018-08-08 16:05:39,60.2174,15.14
2018-08-08,2018-08-08 16:05:42,60.1203,15.3135
2018-08-08,2018-08-08 16:05:43,61.4448,14.1903
2018-08-08,2018-08-08 16:05:43,61.4413,14.1795
2018-08-08,2018-08-08 16:05:46,61.131,14.1257
2018-08-08,2018-08-08 16:05:52,61.3543,14.4592
2018-08-08,2018-08-08 16:05:52,61.3545,14.4534
2018-08-08,2018-08-08 16:05:57,60.2199,15.1982
2018-08-08,2018-08-08 16:05:57,60.2322,15.1542
2018-08-08,2018-08-08 16:05:57,60.2314,15.2169
2018-08-08,2018-08-08 16:05:58,60.1207,15.2648
2018-08-08,2018-08-08 16:05:59,60.1531,15.3077
2018-08-08,2018-08-08 16:05:59,60.1569,15.3196
2018-08-08,2018-08-08 16:06:01,60.2217,15.1216
2018-08-08,2018-08-08 16:06:01,60.2184,15.1024
2018-08-08,2018-08-08 16:06:03,60.0368,15.1238
2018-08-08,2018-08-08 16:06:04,60.209,15.223
2018-08-08,2018-08-08 16:06:04,60.2143,15.2521
2018-08-08,2018-08-08 16:06:04,60.2148,15.2526
2018-08-08,2018-08-08 16:06:04,61.1157,14.1582
2018-08-08,2018-08-08 16:06:04,60.1974,15.1451
2018-08-08,2018-08-08 16:06:04,60.1099,15.3032
2018-08-08,2018-08-08 16:06:04,60.2232,15.3194
2018-08-08,2018-08-08 16:06:05,61.118,14.1675
2018-08-08,2018-08-08 16:06:11,60.1442,15.2508
2018-08-08,2018-08-08 16:06:11,60.15,15.32
2018-08-08,2018-08-08 16:06:11,60.1478,15.242
2018-08-08,2018-08-08 16:06:16,60.2149,15.1761
2018-08-08,2018-08-08 16:06:17,60.2831,15.1561
2018-08-08,2018-08-08 16:06:21,60.2198,15.2045
2018-08-08,2018-08-08 16:06:23,61.3093,14.3323
2018-08-08,2018-08-08 16:06:25,60.2137,15.2429
2018-08-08,2018-08-08 16:06:26,60.1485,15.2992
2018-08-08,2018-08-08 16:06:26,60.1508,15.325
2018-08-08,2018-08-08 16:06:26,60.1469,15.2345
2018-08-08,2018-08-08 16:06:26,60.145,15.3072
2018-08-08,2018-08-08 16:06:26,60.1472,15.3021
2018-08-08,2018-08-08 16:06:26,60.1472,15.3015
2018-08-08,2018-08-08 16:06:32,60.2211,15.1425
2018-08-08,2018-08-08 16:06:32,60.2205,15.1754
2018-08-08,2018-08-08 16:06:33,60.1228,15.2847
2018-08-08,2018-08-08 16:06:35,60.2235,15.1584
2018-08-08,2018-08-08 16:06:37,60.2387,15.4528
2018-08-08,2018-08-08 16:06:39,60.0987,15.1724
2018-08-08,2018-08-08 16:06:43,60.269,15.1497
2018-08-08,2018-08-08 16:06:43,60.1485,15.2349
2018-08-08,2018-08-08 16:06:43,60.1506,15.314
2018-08-08,2018-08-08 16:06:43,60.1508,15.2554
2018-08-08,2018-08-08 16:06:44,60.1494,15.3072
2018-08-08,2018-08-08 16:06:56,60.2298,15.453
2018-08-08,2018-08-08 16:06:57,60.2292,15.2158
2018-08-08,2018-08-08 16:06:58,60.1189,15.3147
2018-08-08,2018-08-08 16:06:59,60.0973,15.2531
2018-08-08,2018-08-08 16:07:08,60.2532,15.0598
2018-08-08,2018-08-08 16:07:10,60.1532,15.2669
2018-08-08,2018-08-08 16:07:11,60.231,15.2795
2018-08-08,2018-08-08 16:07:11,60.2209,15.1597
2018-08-08,2018-08-08 16:07:11,60.2218,15.186
2018-08-08,2018-08-08 16:07:11,60.2247,15.2384
2018-08-08,2018-08-08 16:07:11,60.2332,15.2949
2018-08-08,2018-08-08 16:07:11,60.2341,15.2517
2018-08-08,2018-08-08 16:07:15,60.2265,15.1719
2018-08-08,2018-08-08 16:07:18,59.7922,14.3021
2018-08-08,2018-08-08 16:07:18,60.1528,15.2474
2018-08-08,2018-08-08 16:07:18,59.7899,14.3046
2018-08-08,2018-08-08 16:07:18,59.7856,14.2642
2018-08-08,2018-08-08 16:07:18,59.7844,14.3152
2018-08-08,2018-08-08 16:07:20,60.2037,14.9784
2018-08-08,2018-08-08 16:07:20,60.1339,15.3108
2018-08-08,2018-08-08 16:07:20,59.5464,14.0399
2018-08-08,2018-08-08 16:07:27,60.167,15.2389
2018-08-08,2018-08-08 16:07:37,61.4713,14.1913
2018-08-08,2018-08-08 16:07:38,60.1429,15.3188
2018-08-08,2018-08-08 16:07:38,60.1424,15.3168
2018-08-08,2018-08-08 16:07:38,60.1459,15.3412
2018-08-08,2018-08-08 16:07:38,60.1437,15.3211
2018-08-08,2018-08-08 16:07:38,60.1458,15.3236
2018-08-08,2018-08-08 16:07:39,60.1415,15.2372
2018-08-08,2018-08-08 16:07:39,66.0792,12.034
2018-08-08,2018-08-08 16:07:39,60.1425,15.3204
2018-08-08,2018-08-08 16:07:39,60.1431,15.2591
2018-08-08,2018-08-08 16:07:39,60.1421,15.2586
2018-08-08,2018-08-08 16:07:39,60.1414,15.317
2018-08-08,2018-08-08 16:07:39,66.0821,12.3606
2018-08-08,2018-08-08 16:07:48,60.164,15.2603
2018-08-08,2018-08-08 16:07:49,60.0642,15.4121
2018-08-08,2018-08-08 16:07:52,60.0756,15.2325
2018-08-08,2018-08-08 16:07:53,60.1676,15.3257
2018-08-08,2018-08-08 16:07:54,60.152,15.3187
2018-08-08,2018-08-08 16:07:54,60.1551,15.339
2018-08-08,2018-08-08 16:07:54,60.151,15.316
2018-08-08,2018-08-08 16:07:54,60.1529,15.3192
2018-08-08,2018-08-08 16:07:55,60.1519,15.3155
2018-08-08,2018-08-08 16:07:55,60.1511,15.3173
2018-08-08,2018-08-08 16:07:55,60.1491,15.2398
2018-08-08,2018-08-08 16:07:55,60.1544,15.3387
2018-08-08,2018-08-08 16:07:57,60.1975,15.3266
2018-08-08,2018-08-08 16:07:59,61.1289,14.0093
2018-08-08,2018-08-08 16:08:02,60.8695,14.5163
2018-08-08,2018-08-08 16:08:04,60.1373,15.3594
2018-08-08,2018-08-08 16:08:05,60.1695,15.2076
2018-08-08,2018-08-08 16:08:06,60.1676,15.2748
2018-08-08,2018-08-08 16:08:11,60.2486,15.1837
2018-08-08,2018-08-08 16:08:15,60.2819,15.2084
2018-08-08,2018-08-08 16:08:15,60.2107,15.2502
2018-08-08,2018-08-08 16:08:19,60.0829,15.2393
2018-08-08,2018-08-08 16:08:20,60.1185,15.3385
2018-08-08,2018-08-08 16:08:24,60.2498,15.177
2018-08-08,2018-08-08 16:08:24,60.1041,15.2611
2018-08-08,2018-08-08 16:08:24,60.2562,15.0081
2018-08-08,2018-08-08 16:08:27,60.1662,15.2093
2018-08-08,2018-08-08 16:08:31,60.2548,15.0915
2018-08-08,2018-08-08 16:08:32,60.1516,15.3251
2018-08-08,2018-08-08 16:08:35,60.1533,15.3535
2018-08-08,2018-08-08 16:08:35,60.152,15.3521
2018-08-08,2018-08-08 16:08:35,60.1492,15.3313
2018-08-08,2018-08-08 16:08:35,60.1498,15.3326
2018-08-08,2018-08-08 16:08:35,60.1532,15.3539
2018-08-08,2018-08-08 16:08:36,60.2123,15.0087
2018-08-08,2018-08-08 16:08:36,60.1638,15.3464
2018-08-08,2018-08-08 16:08:37,61.2451,15.5329
2018-08-08,2018-08-08 16:08:42,60.2321,15.3101
2018-08-08,2018-08-08 16:08:43,59.7861,14.3124
2018-08-08,2018-08-08 16:08:43,60.2758,15.1103
2018-08-08,2018-08-08 16:08:43,60.3078,15.1717
2018-08-08,2018-08-08 16:08:44,60.1709,15.2326
2018-08-08,2018-08-08 16:08:44,60.1673,15.3034
2018-08-08,2018-08-08 16:08:46,60.2372,15.2344
2018-08-08,2018-08-08 16:08:46,60.2251,15.2814
2018-08-08,2018-08-08 16:08:46,60.2332,15.1878
2018-08-08,2018-08-08 16:08:46,60.2688,15.5579
2018-08-08,2018-08-08 16:08:52,60.1433,15.5709
2018-08-08,2018-08-08 16:08:52,60.1539,15.321
2018-08-08,2018-08-08 16:08:53,60.1554,15.3138
2018-08-08,2018-08-08 16:08:53,60.1716,15.4885
2018-08-08,2018-08-08 16:08:54,61.3277,14.3716
2018-08-08,2018-08-08 16:08:54,61.3318,14.3629
2018-08-08,2018-08-08 16:08:56,60.2274,15.2858
2018-08-08,2018-08-08 16:08:59,60.2661,15.1737
2018-08-08,2018-08-08 16:09:00,60.1547,15.3656
2018-08-08,2018-08-08 16:09:00,60.1524,15.3463
2018-08-08,2018-08-08 16:09:00,61.1585,14.1929
2018-08-08,2018-08-08 16:09:01,61.1362,14.0704
2018-08-08,2018-08-08 16:09:06,60.2442,15.3401
2018-08-08,2018-08-08 16:09:11,60.1567,15.3157
2018-08-08,2018-08-08 16:09:11,60.1624,15.3409
2018-08-08,2018-08-08 16:09:11,60.1602,15.3069
2018-08-08,2018-08-08 16:09:11,60.1547,15.26
2018-08-08,2018-08-08 16:09:11,60.1541,15.2684
2018-08-08,2018-08-08 16:09:12,60.1627,15.3415
2018-08-08,2018-08-08 16:09:14,60.2435,15.2864
2018-08-08,2018-08-08 16:09:20,60.242,15.3236
2018-08-08,2018-08-08 16:09:25,60.1806,15.3052
2018-08-08,2018-08-08 16:09:25,60.1738,15.2796
2018-08-08,2018-08-08 16:09:26,60.1738,15.2087
2018-08-08,2018-08-08 16:09:32,60.0904,15.3426
2018-08-08,2018-08-08 16:09:33,60.0895,15.3385
2018-08-08,2018-08-08 16:09:36,60.306,15.1464
2018-08-08,2018-08-08 16:09:37,60.2773,15.1681
2018-08-08,2018-08-08 16:09:37,60.2406,15.1562
2018-08-08,2018-08-08 16:09:40,60.2564,15.1923
2018-08-08,2018-08-08 16:09:45,60.1536,15.3255
2018-08-08,2018-08-08 16:09:45,60.1498,15.2364
2018-08-08,2018-08-08 16:09:46,60.262,15.2453
2018-08-08,2018-08-08 16:09:46,60.1588,15.3169
2018-08-08,2018-08-08 16:09:46,60.157,15.2879
2018-08-08,2018-08-08 16:09:46,60.1602,15.3281
2018-08-08,2018-08-08 16:09:46,61.1501,14.1546
2018-08-08,2018-08-08 16:09:46,60.152,15.2729
2018-08-08,2018-08-08 16:09:46,60.2696,15.1682
2018-08-08,2018-08-08 16:09:47,60.2434,15.0146
2018-08-08,2018-08-08 16:09:49,60.2681,15.197
2018-08-08,2018-08-08 16:09:56,60.1752,15.2475
2018-08-08,2018-08-08 16:09:56,60.1813,15.2827
2018-08-08,2018-08-08 16:10:03,60.2375,15.2003
2018-08-08,2018-08-08 16:10:05,60.2368,15.1664
2018-08-08,2018-08-08 16:10:05,60.2806,15.2453
2018-08-08,2018-08-08 16:10:05,60.2396,15.2465
2018-08-08,2018-08-08 16:10:06,60.1924,15.3175
2018-08-08,2018-08-08 16:10:06,60.1833,15.3169
2018-08-08,2018-08-08 16:10:06,60.1794,15.2288
2018-08-08,2018-08-08 16:10:06,60.1876,15.3424
2018-08-08,2018-08-08 16:10:06,60.1827,15.3137
2018-08-08,2018-08-08 16:10:08,60.2469,15.2083
2018-08-08,2018-08-08 16:10:08,60.2457,15.2473
2018-08-08,2018-08-08 16:10:12,60.3033,15.1988
2018-08-08,2018-08-08 16:10:12,61.1664,14.1519
2018-08-08,2018-08-08 16:10:21,60.184,15.3733
2018-08-08,2018-08-08 16:10:23,60.2462,15.2542
2018-08-08,2018-08-08 16:10:23,60.2498,15.3029
2018-08-08,2018-08-08 16:10:24,61.1537,14.166
2018-08-08,2018-08-08 16:10:25,61.1553,14.1654
2018-08-08,2018-08-08 16:10:25,61.1828,14.2441
2018-08-08,2018-08-08 16:10:27,60.2044,15.3355
2018-08-08,2018-08-08 16:10:27,60.2091,15.2924
2018-08-08,2018-08-08 16:10:27,60.2295,15.4715
2018-08-08,2018-08-08 16:10:27,60.229,15.3332
2018-08-08,2018-08-08 16:10:28,60.2538,15.2319
2018-08-08,2018-08-08 16:10:28,60.2542,15.1838
2018-08-08,2018-08-08 16:10:28,60.2337,15.3636
2018-08-08,2018-08-08 16:10:28,60.2516,15.2096
2018-08-08,2018-08-08 16:10:28,60.2336,15.3615
2018-08-08,2018-08-08 16:10:28,60.2244,15.2676
2018-08-08,2018-08-08 16:10:35,60.1692,15.2777
2018-08-08,2018-08-08 16:10:38,60.2512,15.3153
2018-08-08,2018-08-08 16:10:42,60.1588,15.2121
2018-08-08,2018-08-08 16:10:43,60.2529,15.2838
2018-08-08,2018-08-08 16:10:50,61.3568,14.4073
2018-08-08,2018-08-08 16:10:51,60.1743,15.3341
2018-08-08,2018-08-08 16:10:51,61.351,14.4239
2018-08-08,2018-08-08 16:10:55,60.2386,15.328
2018-08-08,2018-08-08 16:10:56,61.1558,14.1187
2018-08-08,2018-08-08 16:10:56,60.1788,15.2746
2018-08-08,2018-08-08 16:10:56,60.1747,15.342
2018-08-08,2018-08-08 16:10:56,60.1812,15.3425
2018-08-08,2018-08-08 16:10:56,60.1785,15.3686
2018-08-08,2018-08-08 16:10:57,60.2593,15.1765
2018-08-08,2018-08-08 16:10:57,60.2622,15.1242
2018-08-08,2018-08-08 16:11:03,60.2382,15.3263
2018-08-08,2018-08-08 16:11:04,61.0742,14.183
2018-08-08,2018-08-08 16:11:04,60.1287,15.4274
2018-08-08,2018-08-08 16:11:05,60.1657,15.3663
2018-08-08,2018-08-08 16:11:06,60.3001,15.3635
2018-08-08,2018-08-08 16:11:08,60.1263,15.3409
2018-08-08,2018-08-08 16:11:08,60.1329,15.3696
2018-08-08,2018-08-08 16:11:10,60.31,15.0857
2018-08-08,2018-08-08 16:11:11,60.2527,15.336
2018-08-08,2018-08-08 16:11:11,60.2398,15.2781
2018-08-08,2018-08-08 16:11:18,60.1555,15.3801
2018-08-08,2018-08-08 16:11:18,60.2732,15.1861
2018-08-08,2018-08-08 16:11:19,60.1271,15.2741
2018-08-08,2018-08-08 16:11:19,60.1536,15.3244
2018-08-08,2018-08-08 16:11:20,60.132,15.329
2018-08-08,2018-08-08 16:11:22,60.2809,15.2927
2018-08-08,2018-08-08 16:11:23,60.2258,15.3011
2018-08-08,2018-08-08 16:11:23,60.2898,15.1814
2018-08-08,2018-08-08 16:11:23,60.2237,15.327
2018-08-08,2018-08-08 16:11:28,60.1188,15.1959
2018-08-08,2018-08-08 16:11:28,60.3186,15.1708
2018-08-08,2018-08-08 16:11:32,60.2599,15.3172
2018-08-08,2018-08-08 16:11:40,60.1823,15.2791
2018-08-08,2018-08-08 16:11:40,60.1808,15.2678
2018-08-08,2018-08-08 16:11:40,60.1816,15.3469
2018-08-08,2018-08-08 16:11:41,60.2429,15.1059
2018-08-08,2018-08-08 16:11:44,60.1203,15.2896
2018-08-08,2018-08-08 16:11:45,61.1993,14.2691
2018-08-08,2018-08-08 16:11:45,60.2239,15.2243
2018-08-08,2018-08-08 16:11:46,60.1169,15.3003
2018-08-08,2018-08-08 16:11:46,61.1983,14.2672
2018-08-08,2018-08-08 16:11:47,60.1777,15.3545
2018-08-08,2018-08-08 16:11:47,60.1767,15.3102
2018-08-08,2018-08-08 16:11:47,60.1793,15.3894
2018-08-08,2018-08-08 16:11:51,60.2554,15.2524
2018-08-08,2018-08-08 16:11:54,60.2308,15.1234
2018-08-08,2018-08-08 16:11:57,60.1833,15.4192
2018-08-08,2018-08-08 16:12:01,60.2949,15.2172
2018-08-08,2018-08-08 16:12:01,60.3094,15.2238
2018-08-08,2018-08-08 16:12:03,59.7584,14.5135
2018-08-08,2018-08-08 16:12:05,60.2636,15.2346
2018-08-08,2018-08-08 16:12:16,60.2666,15.2009
2018-08-08,2018-08-08 16:12:17,60.3037,15.272
2018-08-08,2018-08-08 16:12:19,60.234,15.3566
2018-08-08,2018-08-08 16:12:32,60.2367,15.3697
2018-08-08,2018-08-08 16:12:33,60.1472,15.327
2018-08-08,2018-08-08 16:12:33,60.1383,15.3072
2018-08-08,2018-08-08 16:12:35,60.2746,15.302
2018-08-08,2018-08-08 16:12:39,60.2925,15.2128
2018-08-08,2018-08-08 16:12:39,60.2694,14.9943
2018-08-08,2018-08-08 16:12:39,60.3792,15.3611
2018-08-08,2018-08-08 16:12:40,60.9365,14.5062
2018-08-08,2018-08-08 16:12:42,61.2662,14.2748
2018-08-08,2018-08-08 16:12:42,61.2542,14.2724
2018-08-08,2018-08-08 16:12:42,61.3739,14.4273
2018-08-08,2018-08-08 16:12:43,61.2231,14.248
2018-08-08,2018-08-08 16:12:43,60.1764,15.3407
2018-08-08,2018-08-08 16:12:43,61.2124,14.2107
2018-08-08,2018-08-08 16:12:43,60.2735,15.2053
2018-08-08,2018-08-08 16:12:43,60.2764,15.2005
2018-08-08,2018-08-08 16:12:43,60.2727,15.1526
2018-08-08,2018-08-08 16:12:43,60.2788,15.2061
2018-08-08,2018-08-08 16:12:44,60.3143,15.354
2018-08-08,2018-08-08 16:12:44,60.2906,15.3033
2018-08-08,2018-08-08 16:12:46,60.3041,15.2695
2018-08-08,2018-08-08 16:12:48,60.2765,15.3161
2018-08-08,2018-08-08 16:12:48,60.2768,15.301
2018-08-08,2018-08-08 16:12:51,60.3037,15.2541
2018-08-08,2018-08-08 16:12:52,60.2755,15.168
2018-08-08,2018-08-08 16:12:58,60.1499,15.2716
2018-08-08,2018-08-08 16:12:58,60.1492,15.236
2018-08-08,2018-08-08 16:13:00,60.2852,15.3142
2018-08-08,2018-08-08 16:13:01,60.3335,15.1686
2018-08-08,2018-08-08 16:13:02,60.2615,15.3354
2018-08-08,2018-08-08 16:13:05,60.2661,15.3002
2018-08-08,2018-08-08 16:13:05,60.2926,15.1724
2018-08-08,2018-08-08 16:13:10,61.0412,14.2098
2018-08-08,2018-08-08 16:13:15,60.3107,15.2697
2018-08-08,2018-08-08 16:13:15,60.2929,15.2328
2018-08-08,2018-08-08 16:13:16,60.1674,15.3869
2018-08-08,2018-08-08 16:13:16,60.1818,15.5625
2018-08-08,2018-08-08 16:13:16,60.1624,15.3633
2018-08-08,2018-08-08 16:13:16,60.1622,15.2916
2018-08-08,2018-08-08 16:13:16,60.1671,15.385
2018-08-08,2018-08-08 16:13:16,60.1624,15.2977
2018-08-08,2018-08-08 16:13:18,60.2934,15.1364
2018-08-08,2018-08-08 16:13:18,60.2786,15.33
2018-08-08,2018-08-08 16:13:18,60.2727,15.2707
2018-08-08,2018-08-08 16:13:20,60.275,15.2493
2018-08-08,2018-08-08 16:13:22,60.3153,15.2426
2018-08-08,2018-08-08 16:13:23,60.258,15.2377
2018-08-08,2018-08-08 16:13:23,60.2595,15.2491
2018-08-08,2018-08-08 16:13:31,60.1653,15.4007
2018-08-08,2018-08-08 16:13:31,60.2202,15.0321
2018-08-08,2018-08-08 16:13:31,60.2011,15.3842
2018-08-08,2018-08-08 16:13:32,60.3413,15.3063
2018-08-08,2018-08-08 16:13:35,60.2945,15.2341
2018-08-08,2018-08-08 16:13:35,60.2773,15.2074
2018-08-08,2018-08-08 16:13:35,60.267,15.2474
2018-08-08,2018-08-08 16:13:39,60.2692,15.0612
2018-08-08,2018-08-08 16:13:43,60.2875,15.2829
2018-08-08,2018-08-08 16:13:45,60.2015,15.337
2018-08-08,2018-08-08 16:13:45,60.2736,15.2687
2018-08-08,2018-08-08 16:13:45,60.2625,15.2206
2018-08-08,2018-08-08 16:13:45,60.2063,15.2379
2018-08-08,2018-08-08 16:13:45,60.1723,15.2646
2018-08-08,2018-08-08 16:13:45,60.1795,15.3435
2018-08-08,2018-08-08 16:13:46,60.3103,15.2559
2018-08-08,2018-08-08 16:13:46,60.3088,15.2737
2018-08-08,2018-08-08 16:13:46,60.2871,15.2188
2018-08-08,2018-08-08 16:13:53,60.1667,15.3057
2018-08-08,2018-08-08 16:13:56,60.2832,15.1064
2018-08-08,2018-08-08 16:14:01,60.2831,15.3122
2018-08-08,2018-08-08 16:14:03,60.2059,15.3951
2018-08-08,2018-08-08 16:14:06,60.3012,15.2413
2018-08-08,2018-08-08 16:14:12,60.2622,15.3317
2018-08-08,2018-08-08 16:14:16,60.284,15.3759
2018-08-08,2018-08-08 16:14:16,60.273,15.2959
2018-08-08,2018-08-08 16:14:23,61.2025,14.1992
2018-08-08,2018-08-08 16:14:23,61.1793,14.1744
2018-08-08,2018-08-08 16:14:24,61.2695,14.3298
2018-08-08,2018-08-08 16:14:24,61.2699,14.3307
2018-08-08,2018-08-08 16:14:28,60.3109,15.3127
2018-08-08,2018-08-08 16:14:28,60.3147,15.3287
2018-08-08,2018-08-08 16:14:35,60.171,15.3694
2018-08-08,2018-08-08 16:14:35,60.1964,15.3542
2018-08-08,2018-08-08 16:14:35,60.1938,15.3318
2018-08-08,2018-08-08 16:14:35,60.2113,15.3746
2018-08-08,2018-08-08 16:14:35,60.1931,15.3316
2018-08-08,2018-08-08 16:14:37,60.2777,15.3389
2018-08-08,2018-08-08 16:14:38,60.3406,15.2029
2018-08-08,2018-08-08 16:14:40,60.291,15.2897
2018-08-08,2018-08-08 16:14:43,60.1532,15.3226
2018-08-08,2018-08-08 16:14:43,60.1475,15.2453
2018-08-08,2018-08-08 16:14:46,60.2576,15.3659
2018-08-08,2018-08-08 16:14:46,60.2716,15.2499
2018-08-08,2018-08-08 16:14:46,60.2365,15.361
2018-08-08,2018-08-08 16:14:50,60.3269,15.2506
2018-08-08,2018-08-08 16:14:51,60.2491,15.2322
2018-08-08,2018-08-08 16:14:53,60.3834,15.0903
2018-08-08,2018-08-08 16:14:55,60.2994,14.8644
2018-08-08,2018-08-08 16:14:58,60.2648,15.3118
2018-08-08,2018-08-08 16:15:01,60.4961,15.339
2018-08-08,2018-08-08 16:15:01,60.3492,15.1847
2018-08-08,2018-08-08 16:15:01,60.2863,15.3748
2018-08-08,2018-08-08 16:15:02,60.9609,14.5368
2018-08-08,2018-08-08 16:15:02,60.9656,14.4851
2018-08-08,2018-08-08 16:15:02,60.9668,14.4776
2018-08-08,2018-08-08 16:15:02,60.9704,14.4737
2018-08-08,2018-08-08 16:15:05,60.3289,15.2477
2018-08-08,2018-08-08 16:15:05,60.2995,15.2658
2018-08-08,2018-08-08 16:15:05,60.2695,15.3125
2018-08-08,2018-08-08 16:15:05,60.302,15.1326
2018-08-08,2018-08-08 16:15:05,60.3045,15.2413
2018-08-08,2018-08-08 16:15:05,60.3121,15.2342
2018-08-08,2018-08-08 16:15:07,60.2786,15.2962
2018-08-08,2018-08-08 16:15:08,60.122,15.0862
2018-08-08,2018-08-08 16:15:16,60.3481,14.7555
2018-08-08,2018-08-08 16:15:18,60.1653,15.3373
2018-08-08,2018-08-08 16:15:22,61.2916,14.2995
2018-08-08,2018-08-08 16:15:22,61.2282,14.1882
2018-08-08,2018-08-08 16:15:22,61.2246,14.1885
2018-08-08,2018-08-08 16:15:22,61.2171,14.133
2018-08-08,2018-08-08 16:15:22,61.2371,14.1749
2018-08-08,2018-08-08 16:15:22,61.2375,14.1732
2018-08-08,2018-08-08 16:15:25,60.2867,15.2606
2018-08-08,2018-08-08 16:15:25,60.2879,15.2933
2018-08-08,2018-08-08 16:15:25,60.2802,15.1741
2018-08-08,2018-08-08 16:15:26,60.2864,15.1985
2018-08-08,2018-08-08 16:15:26,60.3004,15.1576
2018-08-08,2018-08-08 16:15:35,61.1882,14.224
2018-08-08,2018-08-08 16:15:35,60.2764,15.1928
2018-08-08,2018-08-08 16:15:35,60.2935,15.6728
2018-08-08,2018-08-08 16:15:36,60.159,15.435
2018-08-08,2018-08-08 16:15:39,60.3626,15.4855
2018-08-08,2018-08-08 16:15:42,60.3117,15.2991
2018-08-08,2018-08-08 16:15:43,60.1737,15.286
2018-08-08,2018-08-08 16:15:46,60.3626,15.3009
2018-08-08,2018-08-08 16:15:49,60.3244,15.4391
2018-08-08,2018-08-08 16:15:50,60.3081,15.2206
2018-08-08,2018-08-08 16:15:50,60.3097,15.1894
2018-08-08,2018-08-08 16:15:52,61.3877,14.428
2018-08-08,2018-08-08 16:15:53,60.1482,15.3161
2018-08-08,2018-08-08 16:15:53,60.1518,15.3224
2018-08-08,2018-08-08 16:15:53,60.1986,15.3737
2018-08-08,2018-08-08 16:15:53,60.1495,15.3329
2018-08-08,2018-08-08 16:15:53,60.1713,15.3709
2018-08-08,2018-08-08 16:15:53,60.1471,15.3149
2018-08-08,2018-08-08 16:15:53,60.1805,15.2488
2018-08-08,2018-08-08 16:15:53,60.1519,15.3415
2018-08-08,2018-08-08 16:15:53,60.1498,15.3342
2018-08-08,2018-08-08 16:15:53,60.3192,15.3452
2018-08-08,2018-08-08 16:15:53,60.1598,15.3297
2018-08-08,2018-08-08 16:15:55,60.2887,15.2187
2018-08-08,2018-08-08 16:16:00,60.2735,15.3467
2018-08-08,2018-08-08 16:16:00,60.2913,15.3668
2018-08-08,2018-08-08 16:16:12,60.3167,15.2925
2018-08-08,2018-08-08 16:16:12,60.3772,15.2426
2018-08-08,2018-08-08 16:16:14,61.2006,14.2021
2018-08-08,2018-08-08 16:16:14,60.2832,15.3158
2018-08-08,2018-08-08 16:16:17,60.3072,15.3974
2018-08-08,2018-08-08 16:16:19,60.2842,15.3523
2018-08-08,2018-08-08 16:16:28,61.2093,14.2018
2018-08-08,2018-08-08 16:16:28,60.2009,15.4017
2018-08-08,2018-08-08 16:16:33,60.3522,15.3267
2018-08-08,2018-08-08 16:16:37,60.1816,15.3717
2018-08-08,2018-08-08 16:16:38,60.1388,15.3675
2018-08-08,2018-08-08 16:16:39,60.3343,15.2589
2018-08-08,2018-08-08 16:16:49,60.1599,15.3227
2018-08-08,2018-08-08 16:16:49,60.1687,15.3607
2018-08-08,2018-08-08 16:16:49,60.1799,15.286
2018-08-08,2018-08-08 16:16:49,60.1604,15.258
2018-08-08,2018-08-08 16:16:52,59.8547,14.4446
2018-08-08,2018-08-08 16:16:54,60.2942,15.2152
2018-08-08,2018-08-08 16:16:54,60.2882,15.1751
2018-08-08,2018-08-08 16:16:57,60.192,15.5294
2018-08-08,2018-08-08 16:17:03,60.2953,15.3654
2018-08-08,2018-08-08 16:17:03,60.3222,15.2347
2018-08-08,2018-08-08 16:17:03,60.281,15.3298
2018-08-08,2018-08-08 16:17:05,60.314,15.3031
2018-08-08,2018-08-08 16:17:07,60.1824,15.3835
2018-08-08,2018-08-08 16:17:07,60.1821,15.3806
2018-08-08,2018-08-08 16:17:07,60.1839,15.3874
2018-08-08,2018-08-08 16:17:07,60.1812,15.3892
2018-08-08,2018-08-08 16:17:07,60.1943,15.4958
2018-08-08,2018-08-08 16:17:07,60.1926,15.4698
2018-08-08,2018-08-08 16:17:07,60.1672,15.4124
2018-08-08,2018-08-08 16:17:08,60.2906,15.4419
2018-08-08,2018-08-08 16:17:08,60.2869,15.3846
2018-08-08,2018-08-08 16:17:08,60.2908,15.4413
2018-08-08,2018-08-08 16:17:08,60.2954,15.4678
2018-08-08,2018-08-08 16:17:09,60.2837,15.3826
2018-08-08,2018-08-08 16:17:09,61.2034,14.2048
2018-08-08,2018-08-08 16:17:09,61.2081,14.2058
2018-08-08,2018-08-08 16:17:12,60.3097,15.3137
2018-08-08,2018-08-08 16:17:17,60.3157,15.3986
2018-08-08,2018-08-08 16:17:20,60.2799,15.2283
2018-08-08,2018-08-08 16:17:22,60.3237,15.2899
2018-08-08,2018-08-08 16:17:26,60.3542,15.2536
2018-08-08,2018-08-08 16:17:28,60.1724,15.3386
2018-08-08,2018-08-08 16:17:28,60.1691,15.3163
2018-08-08,2018-08-08 16:17:33,60.3194,15.2349
2018-08-08,2018-08-08 16:17:36,60.3165,15.2723
2018-08-08,2018-08-08 16:17:43,60.321,15.2544
2018-08-08,2018-08-08 16:17:43,60.3864,15.7536
2018-08-08,2018-08-08 16:17:46,60.2773,15.3541
2018-08-08,2018-08-08 16:17:49,60.3116,15.2974
2018-08-08,2018-08-08 16:17:50,60.3262,15.3834
2018-08-08,2018-08-08 16:17:50,60.2994,15.4297
2018-08-08,2018-08-08 16:17:51,60.298,15.4382
2018-08-08,2018-08-08 16:17:51,60.299,15.4406
2018-08-08,2018-08-08 16:17:56,60.346,15.2543
2018-08-08,2018-08-08 16:17:56,60.3437,15.2029
2018-08-08,2018-08-08 16:17:57,60.3098,15.2605
2018-08-08,2018-08-08 16:18:03,60.1551,15.3472
2018-08-08,2018-08-08 16:18:06,61.2234,14.1953
2018-08-08,2018-08-08 16:18:06,60.1882,15.3271
2018-08-08,2018-08-08 16:18:06,60.1951,15.3768
2018-08-08,2018-08-08 16:18:08,60.3218,15.5532
2018-08-08,2018-08-08 16:18:08,65.9831,14.9508
2018-08-08,2018-08-08 16:18:08,60.3056,15.3704
2018-08-08,2018-08-08 16:18:08,60.3077,15.378
2018-08-08,2018-08-08 16:18:08,60.3058,15.4031
2018-08-08,2018-08-08 16:18:08,60.3084,15.4544
2018-08-08,2018-08-08 16:18:11,60.3376,15.2504
2018-08-08,2018-08-08 16:18:15,60.3464,15.0999
2018-08-08,2018-08-08 16:18:18,60.3347,15.335
2018-08-08,2018-08-08 16:18:18,61.0056,14.5605
2018-08-08,2018-08-08 16:18:18,60.3296,15.3789
2018-08-08,2018-08-08 16:18:18,61.0041,14.5451
2018-08-08,2018-08-08 16:18:19,61.0835,14.3524
2018-08-08,2018-08-08 16:18:21,60.3117,15.3786
2018-08-08,2018-08-08 16:18:27,60.2026,15.3858
2018-08-08,2018-08-08 16:18:27,60.2095,15.3722
2018-08-08,2018-08-08 16:18:27,60.2088,15.3818
2018-08-08,2018-08-08 16:18:27,60.1951,15.3997
2018-08-08,2018-08-08 16:18:28,60.3372,15.339
2018-08-08,2018-08-08 16:18:28,60.2107,15.3756
2018-08-08,2018-08-08 16:18:28,60.3757,15.4412
2018-08-08,2018-08-08 16:18:28,60.212,15.3758
2018-08-08,2018-08-08 16:18:28,61.4133,14.2687
2018-08-08,2018-08-08 16:18:28,61.3101,14.2683
2018-08-08,2018-08-08 16:18:32,60.3768,15.1999
2018-08-08,2018-08-08 16:18:34,60.341,15.3207
2018-08-08,2018-08-08 16:18:37,60.355,15.3096
2018-08-08,2018-08-08 16:18:41,60.392,15.3376
2018-08-08,2018-08-08 16:18:41,60.3447,15.3265
2018-08-08,2018-08-08 16:18:41,61.287,14.347
2018-08-08,2018-08-08 16:18:47,60.3233,15.3419
2018-08-08,2018-08-08 16:18:47,60.3155,15.4616
2018-08-08,2018-08-08 16:18:47,60.3194,15.5115
2018-08-08,2018-08-08 16:18:48,60.3685,15.2319
2018-08-08,2018-08-08 16:18:48,60.4271,15.269
2018-08-08,2018-08-08 16:18:51,60.1887,15.3874
2018-08-08,2018-08-08 16:18:51,60.1949,15.3959
2018-08-08,2018-08-08 16:18:55,60.3056,15.4903
2018-08-08,2018-08-08 16:19:01,60.3554,15.2477
2018-08-08,2018-08-08 16:19:03,60.3258,15.3589
2018-08-08,2018-08-08 16:19:03,61.2255,14.256
2018-08-08,2018-08-08 16:19:03,61.2258,14.2534
2018-08-08,2018-08-08 16:19:03,61.2235,14.2548
2018-08-08,2018-08-08 16:19:10,66.0279,14.8016
2018-08-08,2018-08-08 16:19:11,60.219,15.2931
2018-08-08,2018-08-08 16:19:11,60.197,15.3937
2018-08-08,2018-08-08 16:19:11,60.1899,15.3802
2018-08-08,2018-08-08 16:19:11,60.2182,15.4075
2018-08-08,2018-08-08 16:19:11,60.1963,15.396
2018-08-08,2018-08-08 16:19:11,60.2235,15.3712
2018-08-08,2018-08-08 16:19:11,60.3387,15.3684
2018-08-08,2018-08-08 16:19:15,60.3454,15.3155
2018-08-08,2018-08-08 16:19:15,60.3429,15.2853
2018-08-08,2018-08-08 16:19:18,60.338,15.3928
2018-08-08,2018-08-08 16:19:23,60.3187,15.3392
2018-08-08,2018-08-08 16:19:26,61.0233,14.5346
2018-08-08,2018-08-08 16:19:29,60.3954,15.3382
2018-08-08,2018-08-08 16:19:32,60.372,15.2878
2018-08-08,2018-08-08 16:19:35,61.4194,14.4749
2018-08-08,2018-08-08 16:19:35,61.4192,14.4759
2018-08-08,2018-08-08 16:19:35,61.4167,14.4785
2018-08-08,2018-08-08 16:19:38,60.3978,15.4305
2018-08-08,2018-08-08 16:19:38,60.3984,15.4299
2018-08-08,2018-08-08 16:19:38,60.3837,15.404
2018-08-08,2018-08-08 16:19:38,60.3923,15.4075
2018-08-08,2018-08-08 16:19:38,60.4015,15.4261
2018-08-08,2018-08-08 16:19:38,60.3929,15.3379
2018-08-08,2018-08-08 16:19:38,60.3074,15.3809
2018-08-08,2018-08-08 16:19:38,60.368,15.3475
2018-08-08,2018-08-08 16:19:41,60.3927,15.3626
2018-08-08,2018-08-08 16:19:41,60.349,15.2986
2018-08-08,2018-08-08 16:19:42,60.1971,15.4256
2018-08-08,2018-08-08 16:19:46,60.4006,15.3212
2018-08-08,2018-08-08 16:19:47,60.2906,15.42
2018-08-08,2018-08-08 16:19:47,60.279,15.2018
2018-08-08,2018-08-08 16:19:47,60.3078,15.2208
2018-08-08,2018-08-08 16:19:49,60.3332,15.3213
2018-08-08,2018-08-08 16:19:49,61.273,14.36
2018-08-08,2018-08-08 16:19:52,60.3661,15.2703
2018-08-08,2018-08-08 16:19:53,60.3832,15.2248
2018-08-08,2018-08-08 16:19:53,60.2986,15.3341
2018-08-08,2018-08-08 16:19:53,60.2954,15.4423
2018-08-08,2018-08-08 16:19:53,60.3338,15.3919
2018-08-08,2018-08-08 16:19:53,60.3903,15.2308
2018-08-08,2018-08-08 16:19:53,60.2955,15.4088
2018-08-08,2018-08-08 16:20:08,60.1639,15.3839
2018-08-08,2018-08-08 16:20:09,60.3515,15.3183
2018-08-08,2018-08-08 16:20:11,60.1781,15.3704
2018-08-08,2018-08-08 16:20:12,60.3476,15.4001
2018-08-08,2018-08-08 16:20:12,60.335,15.3999
2018-08-08,2018-08-08 16:20:17,60.0432,15.239
2018-08-08,2018-08-08 16:20:21,66.0596,15.0385
2018-08-08,2018-08-08 16:20:26,60.368,15.3537
2018-08-08,2018-08-08 16:20:32,60.3711,15.3027
2018-08-08,2018-08-08 16:20:32,60.3419,15.222
2018-08-08,2018-08-08 16:20:32,60.3508,15.2564
2018-08-08,2018-08-08 16:20:32,60.3506,15.252
2018-08-08,2018-08-08 16:20:32,60.3685,15.2813
2018-08-08,2018-08-08 16:20:36,61.2429,14.2488
2018-08-08,2018-08-08 16:20:36,61.2435,14.2514
2018-08-08,2018-08-08 16:20:36,61.2413,14.25
2018-08-08,2018-08-08 16:20:43,66.1917,12.612
2018-08-08,2018-08-08 16:20:43,66.2159,12.7426
2018-08-08,2018-08-08 16:20:45,60.3686,15.3749
2018-08-08,2018-08-08 16:20:46,60.1924,15.3787
2018-08-08,2018-08-08 16:20:47,60.218,15.4148
2018-08-08,2018-08-08 16:20:50,60.3394,15.3655
2018-08-08,2018-08-08 16:20:51,60.3612,15.2806
2018-08-08,2018-08-08 16:20:56,60.1932,15.4453
2018-08-08,2018-08-08 16:20:57,60.3208,15.2695
2018-08-08,2018-08-08 16:20:57,60.3223,15.2971
2018-08-08,2018-08-08 16:21:01,60.3438,15.2402
2018-08-08,2018-08-08 16:21:01,60.3488,15.4372
2018-08-08,2018-08-08 16:21:05,60.3393,15.2655
2018-08-08,2018-08-08 16:21:08,60.3028,15.2062
2018-08-08,2018-08-08 16:21:08,60.3226,15.3655
2018-08-08,2018-08-08 16:21:08,60.2515,15.291
2018-08-08,2018-08-08 16:21:08,60.2513,15.3801
2018-08-08,2018-08-08 16:21:08,60.2368,15.2675
2018-08-08,2018-08-08 16:21:11,60.3099,15.4285
2018-08-08,2018-08-08 16:21:13,60.3514,15.2846
2018-08-08,2018-08-08 16:21:14,61.5879,14.3777
2018-08-08,2018-08-08 16:21:14,61.5952,14.3827
2018-08-08,2018-08-08 16:21:16,60.3481,15.2461
2018-08-08,2018-08-08 16:21:16,60.3402,15.381
2018-08-08,2018-08-08 16:21:17,60.3638,15.4444
2018-08-08,2018-08-08 16:21:17,60.3575,15.3425
2018-08-08,2018-08-08 16:21:26,60.4029,15.7274
2018-08-08,2018-08-08 16:21:26,60.3471,15.3152
2018-08-08,2018-08-08 16:21:26,60.1748,15.1474
2018-08-08,2018-08-08 16:21:27,61.2528,14.2551
2018-08-08,2018-08-08 16:21:31,60.3689,15.4082
2018-08-08,2018-08-08 16:21:35,60.3794,15.3142
2018-08-08,2018-08-08 16:21:39,60.3662,15.4279
2018-08-08,2018-08-08 16:21:39,60.3575,15.4298
2018-08-08,2018-08-08 16:21:40,60.4021,15.4082
2018-08-08,2018-08-08 16:21:41,60.397,15.4332
2018-08-08,2018-08-08 16:21:41,61.4349,14.4997
2018-08-08,2018-08-08 16:21:41,60.391,15.3496
2018-08-08,2018-08-08 16:21:41,60.4363,15.366
2018-08-08,2018-08-08 16:21:46,60.3797,15.4174
2018-08-08,2018-08-08 16:21:46,60.3885,15.3863
2018-08-08,2018-08-08 16:21:51,60.2276,15.4017
2018-08-08,2018-08-08 16:21:53,60.3113,15.5657
2018-08-08,2018-08-08 16:21:54,60.3967,15.3253
2018-08-08,2018-08-08 16:21:55,60.3368,15.2417
2018-08-08,2018-08-08 16:21:59,60.3764,15.2557
2018-08-08,2018-08-08 16:22:00,60.3219,15.3086
2018-08-08,2018-08-08 16:22:00,60.17,15.5116
2018-08-08,2018-08-08 16:22:12,66.0153,14.7436
2018-08-08,2018-08-08 16:22:13,60.4057,15.3238
2018-08-08,2018-08-08 16:22:14,60.3071,15.4255
2018-08-08,2018-08-08 16:22:15,61.2599,14.2584
2018-08-08,2018-08-08 16:22:18,60.3918,15.4225
2018-08-08,2018-08-08 16:22:18,60.3936,15.3899
2018-08-08,2018-08-08 16:22:19,60.3984,15.4428
2018-08-08,2018-08-08 16:22:20,60.3664,15.3303
2018-08-08,2018-08-08 16:22:20,60.2449,15.4453
2018-08-08,2018-08-08 16:22:20,60.356,15.3914
2018-08-08,2018-08-08 16:22:21,60.3535,15.2875
2018-08-08,2018-08-08 16:22:24,60.3828,15.2996
2018-08-08,2018-08-08 16:22:24,60.3881,15.3195
2018-08-08,2018-08-08 16:22:26,60.3998,15.1933
2018-08-08,2018-08-08 16:22:28,60.3741,15.4138
2018-08-08,2018-08-08 16:22:34,60.149,15.396
2018-08-08,2018-08-08 16:22:34,60.183,15.4895
2018-08-08,2018-08-08 16:22:39,60.1577,15.173
2018-08-08,2018-08-08 16:22:39,60.3889,15.4686
2018-08-08,2018-08-08 16:22:43,60.3638,15.4064
2018-08-08,2018-08-08 16:22:45,60.4759,15.1461
2018-08-08,2018-08-08 16:22:47,60.3599,15.2596
2018-08-08,2018-08-08 16:22:48,60.3471,15.4503
2018-08-08,2018-08-08 16:22:55,60.232,15.4591
2018-08-08,2018-08-08 16:22:55,60.3524,15.4229
2018-08-08,2018-08-08 16:23:01,60.3627,15.3459
2018-08-08,2018-08-08 16:23:01,60.3579,15.3578
2018-08-08,2018-08-08 16:23:02,60.3479,15.3106
2018-08-08,2018-08-08 16:23:02,60.3433,15.3386
2018-08-08,2018-08-08 16:23:02,60.3874,15.4747
2018-08-08,2018-08-08 16:23:04,60.3413,15.31
2018-08-08,2018-08-08 16:23:13,60.2186,15.4429
2018-08-08,2018-08-08 16:23:13,60.389,15.3927
2018-08-08,2018-08-08 16:23:18,60.2422,15.0967
2018-08-08,2018-08-08 16:23:21,60.3516,15.4501
2018-08-08,2018-08-08 16:23:21,60.3472,15.4419
2018-08-08,2018-08-08 16:23:26,60.3769,15.4787
2018-08-08,2018-08-08 16:23:26,60.3701,15.4716
2018-08-08,2018-08-08 16:23:26,60.3733,15.2697
2018-08-08,2018-08-08 16:23:26,60.3404,15.2787
2018-08-08,2018-08-08 16:23:26,60.3762,15.4754
2018-08-08,2018-08-08 16:23:26,60.4902,15.4594
2018-08-08,2018-08-08 16:23:26,60.3778,15.4945
2018-08-08,2018-08-08 16:23:34,60.3859,15.3955
2018-08-08,2018-08-08 16:23:34,60.393,15.3473
2018-08-08,2018-08-08 16:23:34,60.3735,15.3642
2018-08-08,2018-08-08 16:23:34,60.3685,15.2767
2018-08-08,2018-08-08 16:23:35,61.1394,5.0525
2018-08-08,2018-08-08 16:23:35,61.1171,4.9951
2018-08-08,2018-08-08 16:23:35,61.1416,5.056
2018-08-08,2018-08-08 16:23:36,60.3954,15.2886
2018-08-08,2018-08-08 16:23:36,60.2015,15.3929
2018-08-08,2018-08-08 16:23:36,60.4147,15.3826
2018-08-08,2018-08-08 16:23:38,60.3466,15.4122
2018-08-08,2018-08-08 16:23:39,60.394,15.3473
2018-08-08,2018-08-08 16:23:39,60.401,15.3675
2018-08-08,2018-08-08 16:23:41,60.3639,15.3811
2018-08-08,2018-08-08 16:23:42,60.3697,15.1502
2018-08-08,2018-08-08 16:23:42,60.3692,15.2157
2018-08-08,2018-08-08 16:23:45,60.2135,15.4679
2018-08-08,2018-08-08 16:23:45,60.4003,15.2884
2018-08-08,2018-08-08 16:23:48,60.3438,15.4461
2018-08-08,2018-08-08 16:23:53,60.3978,15.513
2018-08-08,2018-08-08 16:23:57,60.4143,15.4406
2018-08-08,2018-08-08 16:23:57,60.4128,15.4439
2018-08-08,2018-08-08 16:24:01,60.3734,15.4766
2018-08-08,2018-08-08 16:24:03,60.3506,15.4025
2018-08-08,2018-08-08 16:24:03,60.3563,15.3789
2018-08-08,2018-08-08 16:24:15,60.2138,15.4281
2018-08-08,2018-08-08 16:24:16,60.4035,15.3418
2018-08-08,2018-08-08 16:24:23,61.2695,14.269
2018-08-08,2018-08-08 16:24:24,60.3868,14.9185
2018-08-08,2018-08-08 16:24:24,60.4139,15.3218
2018-08-08,2018-08-08 16:24:25,60.3313,15.2425
2018-08-08,2018-08-08 16:24:27,60.348,15.2847
2018-08-08,2018-08-08 16:24:28,60.3035,15.5917
2018-08-08,2018-08-08 16:24:28,60.3097,15.0073
2018-08-08,2018-08-08 16:24:31,60.409,15.4787
2018-08-08,2018-08-08 16:24:33,60.4327,15.3887
2018-08-08,2018-08-08 16:24:33,60.3774,15.4637
2018-08-08,2018-08-08 16:24:36,60.3503,15.4409
2018-08-08,2018-08-08 16:24:39,60.394,15.3344
2018-08-08,2018-08-08 16:24:41,60.2166,15.4278
2018-08-08,2018-08-08 16:24:43,60.344,15.4285
2018-08-08,2018-08-08 16:24:48,60.4224,15.4899
2018-08-08,2018-08-08 16:24:48,60.3812,15.3074
2018-08-08,2018-08-08 16:24:49,60.426,15.2909
2018-08-08,2018-08-08 16:24:49,60.387,15.4714
2018-08-08,2018-08-08 16:24:53,60.4089,15.3958
2018-08-08,2018-08-08 16:24:53,60.3926,15.4973
2018-08-08,2018-08-08 16:24:53,60.3969,15.4948
2018-08-08,2018-08-08 16:24:57,60.3426,15.0188
2018-08-08,2018-08-08 16:24:57,60.4126,15.3822
2018-08-08,2018-08-08 16:24:57,60.2515,15.4303
2018-08-08,2018-08-08 16:25:00,60.3694,15.4082
2018-08-08,2018-08-08 16:25:00,60.3838,15.4196
2018-08-08,2018-08-08 16:25:00,60.3729,15.4132
2018-08-08,2018-08-08 16:25:00,60.0467,15.4564
2018-08-08,2018-08-08 16:25:02,61.4813,14.5518
2018-08-08,2018-08-08 16:25:04,60.407,15.3434
2018-08-08,2018-08-08 16:25:05,60.4217,15.4811
2018-08-08,2018-08-08 16:25:05,60.416,15.5041
2018-08-08,2018-08-08 16:25:05,60.4065,15.4644
2018-08-08,2018-08-08 16:25:08,60.3425,15.5397
2018-08-08,2018-08-08 16:25:10,60.3757,15.2564
2018-08-08,2018-08-08 16:25:12,60.4148,15.354
2018-08-08,2018-08-08 16:25:12,60.3848,15.805
2018-08-08,2018-08-08 16:25:14,60.4317,15.467
2018-08-08,2018-08-08 16:25:19,60.2831,15.4511
2018-08-08,2018-08-08 16:25:22,60.3858,15.3967
2018-08-08,2018-08-08 16:25:25,60.4322,15.3374
2018-08-08,2018-08-08 16:25:25,60.3956,15.3898
2018-08-08,2018-08-08 16:25:25,60.3969,15.356
2018-08-08,2018-08-08 16:25:27,60.3957,15.4636
2018-08-08,2018-08-08 16:25:28,60.3847,15.394
2018-08-08,2018-08-08 16:25:31,60.3806,15.2312
2018-08-08,2018-08-08 16:25:34,60.4262,15.4689
2018-08-08,2018-08-08 16:25:39,60.3595,15.4637
2018-08-08,2018-08-08 16:25:44,60.4164,15.4671
2018-08-08,2018-08-08 16:25:49,60.4303,15.468
2018-08-08,2018-08-08 16:25:53,60.3912,15.3922
2018-08-08,2018-08-08 16:25:53,60.3893,15.3952
2018-08-08,2018-08-08 16:25:57,60.4222,15.3684
2018-08-08,2018-08-08 16:25:58,65.991,15.0751
2018-08-08,2018-08-08 16:26:00,60.4251,15.4824
2018-08-08,2018-08-08 16:26:07,60.3675,15.5006
2018-08-08,2018-08-08 16:26:07,61.1229,14.6382
2018-08-08,2018-08-08 16:26:08,60.4094,15.2926
2018-08-08,2018-08-08 16:26:09,60.4108,15.5184
2018-08-08,2018-08-08 16:26:10,60.3391,15.471
2018-08-08,2018-08-08 16:26:16,60.4273,15.3151
2018-08-08,2018-08-08 16:26:20,61.1619,14.6183
2018-08-08,2018-08-08 16:26:20,61.1874,14.6179
2018-08-08,2018-08-08 16:26:25,61.2957,14.405
2018-08-08,2018-08-08 16:26:25,61.3014,14.2914
2018-08-08,2018-08-08 16:26:25,61.2577,14.5151
2018-08-08,2018-08-08 16:26:26,60.215,15.4848
2018-08-08,2018-08-08 16:26:34,60.3953,15.4735
2018-08-08,2018-08-08 16:26:35,60.3874,15.475
2018-08-08,2018-08-08 16:26:35,60.3876,15.4648
2018-08-08,2018-08-08 16:26:35,60.3905,15.4127
2018-08-08,2018-08-08 16:26:40,60.4376,15.4623
2018-08-08,2018-08-08 16:26:45,60.3756,15.4842
2018-08-08,2018-08-08 16:26:50,60.3708,15.4973
2018-08-08,2018-08-08 16:26:52,60.4177,15.4528
2018-08-08,2018-08-08 16:26:52,60.4073,15.244
2018-08-08,2018-08-08 16:26:52,60.4274,15.437
2018-08-08,2018-08-08 16:26:55,60.4043,15.442
2018-08-08,2018-08-08 16:27:00,60.4434,15.2985
2018-08-08,2018-08-08 16:27:00,60.3939,15.2433
2018-08-08,2018-08-08 16:27:02,60.3939,15.4218
2018-08-08,2018-08-08 16:27:03,60.4454,15.473
2018-08-08,2018-08-08 16:27:03,60.4307,15.4794
2018-08-08,2018-08-08 16:27:05,60.3632,15.3797
2018-08-08,2018-08-08 16:27:05,60.3503,15.4106
2018-08-08,2018-08-08 16:27:12,60.2629,15.5206
2018-08-08,2018-08-08 16:27:16,60.3778,15.2431
2018-08-08,2018-08-08 16:27:16,60.4147,15.3962
2018-08-08,2018-08-08 16:27:20,60.3877,15.5048
2018-08-08,2018-08-08 16:27:20,60.424,15.5448
2018-08-08,2018-08-08 16:27:21,60.4485,15.4519
2018-08-08,2018-08-08 16:27:26,60.4312,15.3808
2018-08-08,2018-08-08 16:27:26,60.4355,15.3869
2018-08-08,2018-08-08 16:27:26,60.4156,15.3676
2018-08-08,2018-08-08 16:27:26,60.4089,15.4324
2018-08-08,2018-08-08 16:27:26,60.4175,15.3686
2018-08-08,2018-08-08 16:27:27,60.3745,15.346
2018-08-08,2018-08-08 16:27:29,60.4207,15.2341
2018-08-08,2018-08-08 16:27:31,60.4003,15.2114
2018-08-08,2018-08-08 16:27:46,60.4359,15.2129
2018-08-08,2018-08-08 16:27:48,60.1147,15.3504
2018-08-08,2018-08-08 16:27:48,60.43,15.4702
2018-08-08,2018-08-08 16:27:49,60.1445,15.2514
2018-08-08,2018-08-08 16:27:57,60.441,15.4832
2018-08-08,2018-08-08 16:27:57,60.4267,15.2568
2018-08-08,2018-08-08 16:28:00,60.4462,15.3801
2018-08-08,2018-08-08 16:28:00,60.4409,15.3149
2018-08-08,2018-08-08 16:28:00,60.4482,15.6403
2018-08-08,2018-08-08 16:28:00,60.454,15.4005
2018-08-08,2018-08-08 16:28:00,60.4522,15.3845
2018-08-08,2018-08-08 16:28:00,60.4506,15.3816
2018-08-08,2018-08-08 16:28:01,60.4555,15.4141
2018-08-08,2018-08-08 16:28:01,60.4544,15.4121
2018-08-08,2018-08-08 16:28:08,60.5318,15.1449
2018-08-08,2018-08-08 16:28:10,60.3183,14.9328
2018-08-08,2018-08-08 16:28:10,60.373,15.4026
2018-08-08,2018-08-08 16:28:15,60.4381,15.4993
2018-08-08,2018-08-08 16:28:20,60.4319,15.3194
2018-08-08,2018-08-08 16:28:21,60.4417,15.2154
2018-08-08,2018-08-08 16:28:25,60.3991,15.2843
2018-08-08,2018-08-08 16:28:25,60.3918,15.2829
2018-08-08,2018-08-08 16:28:28,60.4149,15.2414
2018-08-08,2018-08-08 16:28:28,60.4377,15.3401
2018-08-08,2018-08-08 16:28:30,60.4533,15.4407
2018-08-08,2018-08-08 16:28:30,60.4347,15.4331
2018-08-08,2018-08-08 16:28:30,60.2897,15.0089
2018-08-08,2018-08-08 16:28:34,60.1954,15.5377
2018-08-08,2018-08-08 16:28:42,60.3969,15.5715
2018-08-08,2018-08-08 16:28:43,60.4187,15.3796
2018-08-08,2018-08-08 16:28:43,60.418,15.3794
2018-08-08,2018-08-08 16:28:43,60.419,15.3786
2018-08-08,2018-08-08 16:28:43,60.4276,15.4143
2018-08-08,2018-08-08 16:28:44,60.4251,15.3817
2018-08-08,2018-08-08 16:28:44,60.4255,15.378
2018-08-08,2018-08-08 16:28:59,60.2891,15.4748
2018-08-08,2018-08-08 16:29:04,61.2881,14.3391
2018-08-08,2018-08-08 16:29:04,61.2931,14.3268
2018-08-08,2018-08-08 16:29:04,61.2889,14.3246
2018-08-08,2018-08-08 16:29:04,61.357,14.3814
2018-08-08,2018-08-08 16:29:04,61.2851,14.3157
2018-08-08,2018-08-08 16:29:13,60.4073,15.4568
2018-08-08,2018-08-08 16:29:14,60.2223,15.5146
2018-08-08,2018-08-08 16:29:19,60.451,15.4048
2018-08-08,2018-08-08 16:29:19,60.4623,15.496
2018-08-08,2018-08-08 16:29:25,60.4405,15.5024
2018-08-08,2018-08-08 16:29:33,60.4722,15.437
2018-08-08,2018-08-08 16:29:33,60.4624,15.4406
2018-08-08,2018-08-08 16:29:33,60.4186,15.4417
2018-08-08,2018-08-08 16:29:33,60.4272,15.4499
2018-08-08,2018-08-08 16:29:33,60.4648,15.4399
2018-08-08,2018-08-08 16:29:33,60.4654,15.4354
2018-08-08,2018-08-08 16:29:33,60.4686,15.4383
2018-08-08,2018-08-08 16:29:33,60.4628,15.4405
2018-08-08,2018-08-08 16:29:44,60.4037,15.0174
2018-08-08,2018-08-08 16:29:44,60.4366,15.3435
2018-08-08,2018-08-08 16:29:51,60.4708,15.4239
2018-08-08,2018-08-08 16:29:51,60.2303,15.5688
2018-08-08,2018-08-08 16:29:53,60.4632,15.4924
2018-08-08,2018-08-08 16:30:03,60.3892,15.4548
2018-08-08,2018-08-08 16:30:03,60.4588,15.44
2018-08-08,2018-08-08 16:30:03,60.477,15.4707
2018-08-08,2018-08-08 16:30:06,60.5119,15.4118
2018-08-08,2018-08-08 16:30:13,61.1783,14.6799
2018-08-08,2018-08-08 16:30:17,60.4455,15.3274
2018-08-08,2018-08-08 16:30:24,60.4652,15.4008
2018-08-08,2018-08-08 16:30:25,60.468,15.4362
2018-08-08,2018-08-08 16:30:25,60.4732,15.4343
2018-08-08,2018-08-08 16:30:42,60.2564,15.5819
2018-08-08,2018-08-08 16:30:44,60.3687,15.3635
2018-08-08,2018-08-08 16:30:53,60.4816,15.4781
2018-08-08,2018-08-08 16:30:53,60.4844,15.4583
2018-08-08,2018-08-08 16:31:02,60.4629,15.4267
2018-08-08,2018-08-08 16:31:02,60.4758,15.4242
2018-08-08,2018-08-08 16:31:02,60.463,15.4299
2018-08-08,2018-08-08 16:31:02,60.4465,15.4032
2018-08-08,2018-08-08 16:31:02,60.4619,15.4319
2018-08-08,2018-08-08 16:31:07,61.2919,14.3401
2018-08-08,2018-08-08 16:31:07,61.2911,14.3447
2018-08-08,2018-08-08 16:31:22,60.6425,15.1074
2018-08-08,2018-08-08 16:31:22,60.6358,15.1051
2018-08-08,2018-08-08 16:31:26,60.4726,15.4308
2018-08-08,2018-08-08 16:31:27,61.1846,14.6615
2018-08-08,2018-08-08 16:31:31,60.3685,15.5596
2018-08-08,2018-08-08 16:31:39,60.4655,15.4084
2018-08-08,2018-08-08 16:31:44,60.4728,15.3596
2018-08-08,2018-08-08 16:31:44,60.5575,15.9104
2018-08-08,2018-08-08 16:31:44,60.4825,15.4379
2018-08-08,2018-08-08 16:31:47,60.3733,15.5197
2018-08-08,2018-08-08 16:31:48,60.3133,15.5347
2018-08-08,2018-08-08 16:32:00,60.4717,15.3396
2018-08-08,2018-08-08 16:32:02,60.269,15.4838
2018-08-08,2018-08-08 16:32:07,60.4606,15.2932
2018-08-08,2018-08-08 16:32:07,60.4918,15.5117
2018-08-08,2018-08-08 16:32:24,60.3633,15.396
2018-08-08,2018-08-08 16:32:48,61.1936,14.667
2018-08-08,2018-08-08 16:32:49,60.4839,15.323
2018-08-08,2018-08-08 16:32:57,60.6098,15.5572
2018-08-08,2018-08-08 16:32:57,60.4957,15.4262
2018-08-08,2018-08-08 16:32:59,60.337,15.581
2018-08-08,2018-08-08 16:33:09,61.3052,14.3625
2018-08-08,2018-08-08 16:33:09,61.3061,14.3674
2018-08-08,2018-08-08 16:33:14,60.4671,15.3599
2018-08-08,2018-08-08 16:33:16,60.2871,15.505
2018-08-08,2018-08-08 16:33:20,60.4898,15.3959
2018-08-08,2018-08-08 16:33:24,60.374,15.5168
2018-08-08,2018-08-08 16:33:39,60.5111,15.4538
2018-08-08,2018-08-08 16:33:44,60.2734,15.5644
2018-08-08,2018-08-08 16:33:46,60.4749,15.4026
2018-08-08,2018-08-08 16:33:57,60.4926,15.4605
2018-08-08,2018-08-08 16:33:58,60.5663,15.4018
2018-08-08,2018-08-08 16:33:59,60.2578,15.5457
2018-08-08,2018-08-08 16:33:59,60.1722,15.3931
2018-08-08,2018-08-08 16:34:03,61.5919,14.7645
2018-08-08,2018-08-08 16:34:04,60.4221,15.5594
2018-08-08,2018-08-08 16:34:07,60.4905,15.5282
2018-08-08,2018-08-08 16:34:18,60.5209,15.449
2018-08-08,2018-08-08 16:34:21,60.3703,15.4022
2018-08-08,2018-08-08 16:34:21,60.5028,15.3995
2018-08-08,2018-08-08 16:34:21,60.3833,15.5336
2018-08-08,2018-08-08 16:34:23,60.507,15.3587
2018-08-08,2018-08-08 16:34:27,60.334,15.5136
2018-08-08,2018-08-08 16:34:27,60.3111,15.5424
2018-08-08,2018-08-08 16:34:37,60.4894,15.4505
2018-08-08,2018-08-08 16:34:37,60.4899,15.4374
2018-08-08,2018-08-08 16:34:37,60.4987,15.4428
2018-08-08,2018-08-08 16:34:37,60.4874,15.4776
2018-08-08,2018-08-08 16:34:37,60.5299,15.7556
2018-08-08,2018-08-08 16:34:37,60.4888,15.4435
2018-08-08,2018-08-08 16:34:37,60.4905,15.443
2018-08-08,2018-08-08 16:34:37,60.4832,15.4075
2018-08-08,2018-08-08 16:34:37,60.4882,15.4467
2018-08-08,2018-08-08 16:34:37,60.4775,15.4495
2018-08-08,2018-08-08 16:34:53,60.3243,15.6654
2018-08-08,2018-08-08 16:34:57,61.244,14.7708
2018-08-08,2018-08-08 16:35:03,60.4664,15.3366
2018-08-08,2018-08-08 16:35:07,60.4907,15.3865
2018-08-08,2018-08-08 16:35:17,60.5038,15.3391
2018-08-08,2018-08-08 16:35:24,60.476,15.4196
2018-08-08,2018-08-08 16:35:25,61.5462,14.6672
2018-08-08,2018-08-08 16:35:25,61.5456,14.7089
2018-08-08,2018-08-08 16:35:25,61.5809,14.7791
2018-08-08,2018-08-08 16:35:34,61.3252,14.3823
2018-08-08,2018-08-08 16:35:34,61.3289,14.3899
2018-08-08,2018-08-08 16:35:35,60.478,15.425
2018-08-08,2018-08-08 16:35:36,60.6044,15.3725
2018-08-08,2018-08-08 16:35:46,60.4713,15.3903
2018-08-08,2018-08-08 16:35:46,60.4821,15.4599
2018-08-08,2018-08-08 16:35:46,60.4783,15.4552
2018-08-08,2018-08-08 16:35:49,60.5312,15.4684
2018-08-08,2018-08-08 16:35:57,60.3152,15.6282
2018-08-08,2018-08-08 16:35:58,60.3514,15.4659
2018-08-08,2018-08-08 16:35:58,60.3604,15.5292
2018-08-08,2018-08-08 16:36:01,66.1237,14.7953
2018-08-08,2018-08-08 16:36:02,60.533,15.5378
2018-08-08,2018-08-08 16:36:02,60.5263,15.536
2018-08-08,2018-08-08 16:36:03,60.5078,15.3771
2018-08-08,2018-08-08 16:36:03,60.5404,15.5554
2018-08-08,2018-08-08 16:36:03,60.5536,15.5356
2018-08-08,2018-08-08 16:36:03,60.4936,15.3451
2018-08-08,2018-08-08 16:36:03,60.5369,15.5089
2018-08-08,2018-08-08 16:36:10,60.4584,15.4594
2018-08-08,2018-08-08 16:36:15,61.6112,14.7583
2018-08-08,2018-08-08 16:36:20,60.5079,15.4303
2018-08-08,2018-08-08 16:36:20,60.5369,15.3621
2018-08-08,2018-08-08 16:36:25,60.4909,15.3394
2018-08-08,2018-08-08 16:36:34,61.2687,14.7889
2018-08-08,2018-08-08 16:36:34,61.2635,14.7698
2018-08-08,2018-08-08 16:36:34,61.2599,14.7765
2018-08-08,2018-08-08 16:36:41,60.3386,15.5462
2018-08-08,2018-08-08 16:36:51,60.4717,15.3234
2018-08-08,2018-08-08 16:36:51,60.4993,15.3602
2018-08-08,2018-08-08 16:36:51,60.5524,15.5272
2018-08-08,2018-08-08 16:36:51,60.5236,15.4996
2018-08-08,2018-08-08 16:36:51,60.5196,15.5061
2018-08-08,2018-08-08 16:36:51,60.5575,15.5161
2018-08-08,2018-08-08 16:36:51,60.5571,15.5173
2018-08-08,2018-08-08 16:36:51,60.5025,15.6153
2018-08-08,2018-08-08 16:36:52,60.5613,15.5576
2018-08-08,2018-08-08 16:36:58,60.7896,15.5412
2018-08-08,2018-08-08 16:36:58,60.7929,15.5801
2018-08-08,2018-08-08 16:37:11,60.4802,15.5317
2018-08-08,2018-08-08 16:37:12,60.4847,15.6364
2018-08-08,2018-08-08 16:37:12,60.4827,15.636
2018-08-08,2018-08-08 16:37:12,60.489,15.6333
2018-08-08,2018-08-08 16:37:16,60.4952,15.4122
2018-08-08,2018-08-08 16:37:25,61.6384,14.7564
2018-08-08,2018-08-08 16:37:26,61.6495,14.7694
2018-08-08,2018-08-08 16:37:36,60.5384,15.4509
2018-08-08,2018-08-08 16:37:42,60.4881,15.4529
2018-08-08,2018-08-08 16:37:49,60.5287,15.5775
2018-08-08,2018-08-08 16:37:50,60.5832,15.4568
2018-08-08,2018-08-08 16:37:50,60.6005,15.5003
2018-08-08,2018-08-08 16:38:02,60.5392,15.4115
2018-08-08,2018-08-08 16:38:02,60.7518,15.7431
2018-08-08,2018-08-08 16:38:02,60.5622,15.4434
2018-08-08,2018-08-08 16:38:02,60.5894,15.4012
2018-08-08,2018-08-08 16:38:02,60.5401,15.4509
2018-08-08,2018-08-08 16:38:02,60.557,15.4421
2018-08-08,2018-08-08 16:38:12,60.3258,15.5889
2018-08-08,2018-08-08 16:38:21,60.5279,15.623
2018-08-08,2018-08-08 16:38:21,60.5241,15.548
2018-08-08,2018-08-08 16:38:35,60.5353,15.553
2018-08-08,2018-08-08 16:38:41,61.2822,14.7901
2018-08-08,2018-08-08 16:38:41,61.259,14.6793
2018-08-08,2018-08-08 16:38:48,61.1061,15.0406
2018-08-08,2018-08-08 16:38:48,61.1071,15.0409
2018-08-08,2018-08-08 16:38:50,60.6016,15.4916
2018-08-08,2018-08-08 16:38:58,60.5863,15.5204
2018-08-08,2018-08-08 16:39:02,60.5304,15.4415
2018-08-08,2018-08-08 16:39:05,61.4758,14.5587
2018-08-08,2018-08-08 16:39:05,61.6023,14.7722
2018-08-08,2018-08-08 16:39:05,61.5656,14.6917
2018-08-08,2018-08-08 16:39:05,61.6329,14.7992
2018-08-08,2018-08-08 16:39:06,60.641,15.3811
2018-08-08,2018-08-08 16:39:11,60.5461,15.4393
2018-08-08,2018-08-08 16:39:14,60.3205,15.6364
2018-08-08,2018-08-08 16:39:16,60.537,15.5882
2018-08-08,2018-08-08 16:39:18,60.5095,15.3838
2018-08-08,2018-08-08 16:39:20,60.5337,15.662
2018-08-08,2018-08-08 16:39:22,60.5123,15.507
2018-08-08,2018-08-08 16:39:22,60.5087,15.5071
2018-08-08,2018-08-08 16:39:24,60.4891,15.4639
2018-08-08,2018-08-08 16:39:32,60.5449,15.4621
2018-08-08,2018-08-08 16:39:38,60.5328,15.5202
2018-08-08,2018-08-08 16:39:43,60.5995,15.4854
2018-08-08,2018-08-08 16:39:52,60.8442,15.7735
2018-08-08,2018-08-08 16:39:53,60.4659,15.6633
2018-08-08,2018-08-08 16:39:56,60.546,15.5443
2018-08-08,2018-08-08 16:39:56,60.5395,15.57
2018-08-08,2018-08-08 16:39:56,60.5438,15.545
2018-08-08,2018-08-08 16:39:56,60.6376,15.9007
2018-08-08,2018-08-08 16:40:12,60.625,15.5199
2018-08-08,2018-08-08 16:40:13,60.5827,15.4739
2018-08-08,2018-08-08 16:40:13,60.5886,15.513
2018-08-08,2018-08-08 16:40:15,60.2823,15.7829
2018-08-08,2018-08-08 16:40:19,60.4968,15.3957
2018-08-08,2018-08-08 16:40:21,60.5412,15.6511
2018-08-08,2018-08-08 16:40:28,60.5237,15.6988
2018-08-08,2018-08-08 16:40:32,60.5594,15.5426
2018-08-08,2018-08-08 16:40:32,63.1003,5.5876
2018-08-08,2018-08-08 16:40:36,60.5248,15.5176
2018-08-08,2018-08-08 16:40:37,60.6154,15.5077
2018-08-08,2018-08-08 16:40:37,60.6086,15.4716
2018-08-08,2018-08-08 16:40:41,60.8205,15.6148
2018-08-08,2018-08-08 16:40:46,60.532,15.4854
2018-08-08,2018-08-08 16:40:55,60.5468,15.5418
2018-08-08,2018-08-08 16:40:58,60.2944,15.5812
2018-08-08,2018-08-08 16:40:58,60.2918,15.585
2018-08-08,2018-08-08 16:40:59,60.5906,15.5968
2018-08-08,2018-08-08 16:40:59,61.473,14.6135
2018-08-08,2018-08-08 16:40:59,61.4722,14.5394
2018-08-08,2018-08-08 16:41:19,60.5402,15.5577
2018-08-08,2018-08-08 16:41:26,60.5262,15.6503
2018-08-08,2018-08-08 16:41:28,60.6185,15.5186
2018-08-08,2018-08-08 16:41:28,60.5942,15.4554
2018-08-08,2018-08-08 16:41:28,60.6012,15.4987
2018-08-08,2018-08-08 16:41:29,60.6406,15.6173
2018-08-08,2018-08-08 16:41:29,60.6137,15.5231
2018-08-08,2018-08-08 16:41:29,60.6232,15.5135
2018-08-08,2018-08-08 16:41:29,60.6322,15.5567
2018-08-08,2018-08-08 16:41:30,60.3858,15.7438
2018-08-08,2018-08-08 16:41:30,60.4348,15.636
2018-08-08,2018-08-08 16:41:30,60.3718,15.6216
2018-08-08,2018-08-08 16:41:42,60.5833,15.5492
2018-08-08,2018-08-08 16:41:46,61.6871,14.8301
2018-08-08,2018-08-08 16:41:51,60.5261,15.5372
2018-08-08,2018-08-08 16:41:51,60.9933,15.3198
2018-08-08,2018-08-08 16:41:53,60.6322,15.5725
2018-08-08,2018-08-08 16:41:53,60.5522,15.5437
2018-08-08,2018-08-08 16:41:54,60.3195,15.6625
2018-08-08,2018-08-08 16:41:57,60.6427,15.5324
2018-08-08,2018-08-08 16:41:57,60.641,15.5335
2018-08-08,2018-08-08 16:41:57,60.565,15.4088
2018-08-08,2018-08-08 16:41:57,60.6612,15.5615
2018-08-08,2018-08-08 16:41:57,60.644,15.5036
2018-08-08,2018-08-08 16:42:08,61.0533,15.5187
2018-08-08,2018-08-08 16:42:08,61.0052,15.3511
2018-08-08,2018-08-08 16:42:13,60.5542,15.6376
2018-08-08,2018-08-08 16:42:19,60.8404,15.6417
2018-08-08,2018-08-08 16:42:32,61.1394,15.2065
2018-08-08,2018-08-08 16:42:43,60.4669,15.7582
2018-08-08,2018-08-08 16:42:53,60.571,15.6955
2018-08-08,2018-08-08 16:42:59,60.3212,15.6218
2018-08-08,2018-08-08 16:42:59,60.2962,15.491
2018-08-08,2018-08-08 16:42:59,60.279,15.5429
2018-08-08,2018-08-08 16:42:59,60.3197,15.6185
2018-08-08,2018-08-08 16:42:59,60.3081,15.6088
2018-08-08,2018-08-08 16:43:00,60.4387,15.5984
2018-08-08,2018-08-08 16:43:00,60.3995,15.392
2018-08-08,2018-08-08 16:43:00,61.5124,14.6865
2018-08-08,2018-08-08 16:43:00,60.3297,15.6451
2018-08-08,2018-08-08 16:43:00,60.429,15.5654
2018-08-08,2018-08-08 16:43:05,60.9983,15.117
2018-08-08,2018-08-08 16:43:09,60.6207,15.4906
2018-08-08,2018-08-08 16:43:09,60.5705,15.5725
2018-08-08,2018-08-08 16:43:09,60.5748,15.5104
2018-08-08,2018-08-08 16:43:22,60.5732,15.5366
2018-08-08,2018-08-08 16:43:25,61.0364,15.3734
2018-08-08,2018-08-08 16:43:27,60.5777,15.6408
2018-08-08,2018-08-08 16:43:27,60.5941,15.6301
2018-08-08,2018-08-08 16:43:29,61.7903,14.9547
2018-08-08,2018-08-08 16:43:33,61.1637,15.2571
2018-08-08,2018-08-08 16:43:33,61.1482,15.2138
2018-08-08,2018-08-08 16:43:33,61.1449,15.2088
2018-08-08,2018-08-08 16:43:38,60.6372,15.5479
2018-08-08,2018-08-08 16:43:53,60.5283,15.5075
2018-08-08,2018-08-08 16:43:56,60.5148,15.6556
2018-08-08,2018-08-08 16:44:00,60.5524,15.566
2018-08-08,2018-08-08 16:44:00,60.5586,15.5626
2018-08-08,2018-08-08 16:44:00,60.5527,15.5662
2018-08-08,2018-08-08 16:44:00,60.56,15.5584
2018-08-08,2018-08-08 16:44:05,60.5454,15.6542
2018-08-08,2018-08-08 16:44:07,60.8551,15.6718
2018-08-08,2018-08-08 16:44:10,60.5694,15.5745
2018-08-08,2018-08-08 16:44:12,60.5705,15.5871
2018-08-08,2018-08-08 16:44:18,60.457,15.8252
2018-08-08,2018-08-08 16:44:18,60.4721,15.7706
2018-08-08,2018-08-08 16:44:18,61.1447,15.2568
2018-08-08,2018-08-08 16:44:18,61.1442,15.2585
2018-08-08,2018-08-08 16:44:18,60.446,15.7728
2018-08-08,2018-08-08 16:44:18,61.1448,15.26
2018-08-08,2018-08-08 16:44:23,60.5641,15.6022
2018-08-08,2018-08-08 16:44:28,60.5517,15.672
2018-08-08,2018-08-08 16:44:28,60.6016,15.6055
2018-08-08,2018-08-08 16:44:28,60.5944,15.5712
2018-08-08,2018-08-08 16:44:47,61.5447,14.6385
2018-08-08,2018-08-08 16:44:47,61.5461,14.6475
2018-08-08,2018-08-08 16:44:47,60.345,15.4261
2018-08-08,2018-08-08 16:44:47,61.3727,15.017
2018-08-08,2018-08-08 16:44:47,60.4236,15.626
2018-08-08,2018-08-08 16:44:50,60.5335,15.7701
2018-08-08,2018-08-08 16:45:11,61.1195,15.2817
2018-08-08,2018-08-08 16:45:11,61.1157,15.27
2018-08-08,2018-08-08 16:45:11,61.1449,15.2855
2018-08-08,2018-08-08 16:45:19,60.2905,15.5901
2018-08-08,2018-08-08 16:45:26,60.6504,15.5398
2018-08-08,2018-08-08 16:45:29,61.654,14.8239
2018-08-08,2018-08-08 16:45:29,61.6696,14.8376
2018-08-08,2018-08-08 16:45:36,60.6017,15.8266
2018-08-08,2018-08-08 16:45:41,60.5535,15.671
2018-08-08,2018-08-08 16:45:46,60.6215,15.5909
2018-08-08,2018-08-08 16:45:47,60.4266,15.6552
2018-08-08,2018-08-08 16:45:47,60.4353,15.6438
2018-08-08,2018-08-08 16:45:47,60.4333,15.6521
2018-08-08,2018-08-08 16:46:00,60.9532,15.2016
2018-08-08,2018-08-08 16:46:09,60.6416,15.612
2018-08-08,2018-08-08 16:46:11,61.3538,14.5394
2018-08-08,2018-08-08 16:46:18,60.6161,15.5761
2018-08-08,2018-08-08 16:46:18,60.6146,15.5742
2018-08-08,2018-08-08 16:46:18,60.5994,15.4994
2018-08-08,2018-08-08 16:46:21,60.3628,16.0532
2018-08-08,2018-08-08 16:46:35,60.9951,15.1637
2018-08-08,2018-08-08 16:46:42,60.5758,15.7225
2018-08-08,2018-08-08 16:46:42,60.5759,15.7336
2018-08-08,2018-08-08 16:46:42,60.5853,15.7541
2018-08-08,2018-08-08 16:46:43,60.5564,15.5491
2018-08-08,2018-08-08 16:47:01,60.6089,15.5998
2018-08-08,2018-08-08 16:47:02,60.4621,15.3371
2018-08-08,2018-08-08 16:47:02,60.6008,15.5908
2018-08-08,2018-08-08 16:47:02,60.6088,15.584
2018-08-08,2018-08-08 16:47:02,60.6085,15.6088
2018-08-08,2018-08-08 16:47:02,60.6033,15.6017
2018-08-08,2018-08-08 16:47:02,60.4886,15.6716
2018-08-08,2018-08-08 16:47:02,60.6082,15.5867
2018-08-08,2018-08-08 16:47:16,60.5651,15.5966
2018-08-08,2018-08-08 16:47:24,61.6654,14.8212
2018-08-08,2018-08-08 16:47:26,60.4336,15.6992
2018-08-08,2018-08-08 16:47:30,61.1712,15.2869
2018-08-08,2018-08-08 16:47:30,60.6255,15.6252
2018-08-08,2018-08-08 16:47:30,61.1567,15.3087
2018-08-08,2018-08-08 16:47:30,61.1829,15.3057
2018-08-08,2018-08-08 16:47:30,61.1722,15.2985
2018-08-08,2018-08-08 16:47:30,60.6351,15.6252
2018-08-08,2018-08-08 16:47:30,60.6378,15.6274
2018-08-08,2018-08-08 16:47:31,60.6333,15.6264
2018-08-08,2018-08-08 16:47:34,60.5776,15.74
2018-08-08,2018-08-08 16:47:41,61.5632,14.641
2018-08-08,2018-08-08 16:47:56,60.487,15.4522
2018-08-08,2018-08-08 16:48:04,61.0572,15.3216
2018-08-08,2018-08-08 16:48:04,60.8879,15.6818
2018-08-08,2018-08-08 16:48:04,61.0576,15.3246
2018-08-08,2018-08-08 16:48:04,61.0565,15.3118
2018-08-08,2018-08-08 16:48:04,61.0535,15.3278
2018-08-08,2018-08-08 16:48:04,61.049,15.3296
2018-08-08,2018-08-08 16:48:07,60.6767,15.5787
2018-08-08,2018-08-08 16:48:07,60.6787,15.5814
2018-08-08,2018-08-08 16:48:07,60.676,15.583
2018-08-08,2018-08-08 16:48:08,60.6792,15.5926
2018-08-08,2018-08-08 16:48:13,60.6108,15.6462
2018-08-08,2018-08-08 16:48:21,61.206,15.3128
2018-08-08,2018-08-08 16:48:40,60.5532,15.6544
2018-08-08,2018-08-08 16:48:40,61.0319,15.4285
2018-08-08,2018-08-08 16:48:41,61.0514,15.4457
2018-08-08,2018-08-08 16:48:41,61.0507,15.4455
2018-08-08,2018-08-08 16:48:46,61.1852,15.342
2018-08-08,2018-08-08 16:48:46,61.1804,15.3122
2018-08-08,2018-08-08 16:48:47,60.6134,15.6227
2018-08-08,2018-08-08 16:48:47,60.6068,15.6321
2018-08-08,2018-08-08 16:48:47,60.6147,15.6404
2018-08-08,2018-08-08 16:48:48,60.6257,15.5888
2018-08-08,2018-08-08 16:48:48,60.6337,15.5811
2018-08-08,2018-08-08 16:48:48,60.6244,15.5831
2018-08-08,2018-08-08 16:48:48,60.6359,15.6593
2018-08-08,2018-08-08 16:48:48,60.6167,15.6079
2018-08-08,2018-08-08 16:48:48,60.601,15.6184
2018-08-08,2018-08-08 16:49:05,60.6177,15.7258
2018-08-08,2018-08-08 16:49:12,60.6719,15.6099
2018-08-08,2018-08-08 16:49:12,60.6655,15.6154
2018-08-08,2018-08-08 16:49:12,60.6648,15.6124
2018-08-08,2018-08-08 16:49:12,60.6641,15.6129
2018-08-08,2018-08-08 16:49:13,60.6693,15.6361
2018-08-08,2018-08-08 16:49:18,60.6587,15.6839
2018-08-08,2018-08-08 16:49:24,61.5882,14.6362
2018-08-08,2018-08-08 16:49:38,61.0487,15.4356
2018-08-08,2018-08-08 16:49:40,60.8957,15.6792
2018-08-08,2018-08-08 16:49:40,60.9032,15.6719
2018-08-08,2018-08-08 16:49:40,60.9074,15.6482
2018-08-08,2018-08-08 16:49:40,60.8798,15.7164
2018-08-08,2018-08-08 16:49:41,60.6379,15.6366
2018-08-08,2018-08-08 16:49:47,61.0267,15.4213
2018-08-08,2018-08-08 16:49:47,61.0256,15.4334
2018-08-08,2018-08-08 16:49:48,60.6443,15.6272
2018-08-08,2018-08-08 16:49:48,60.6448,15.6325
2018-08-08,2018-08-08 16:49:48,60.6771,15.5439
2018-08-08,2018-08-08 16:49:49,60.6368,15.6468
2018-08-08,2018-08-08 16:49:49,60.621,15.7328
2018-08-08,2018-08-08 16:49:49,60.6396,15.613
2018-08-08,2018-08-08 16:49:49,60.6341,15.6237
2018-08-08,2018-08-08 16:49:49,60.6448,15.6093
2018-08-08,2018-08-08 16:49:56,61.224,15.2715
2018-08-08,2018-08-08 16:49:56,61.218,15.3012
2018-08-08,2018-08-08 16:50:09,60.6284,15.6804
2018-08-08,2018-08-08 16:50:10,61.2193,15.3123
2018-08-08,2018-08-08 16:50:10,61.2145,15.3035
2018-08-08,2018-08-08 16:50:11,61.218,15.3098
2018-08-08,2018-08-08 16:50:16,60.6383,15.5285
2018-08-08,2018-08-08 16:50:37,61.0364,15.4096
2018-08-08,2018-08-08 16:50:42,61.6928,14.8632
2018-08-08,2018-08-08 16:50:44,61.1512,15.1959
2018-08-08,2018-08-08 16:50:46,60.9195,15.6934
2018-08-08,2018-08-08 16:50:46,60.9162,15.7173
2018-08-08,2018-08-08 16:50:51,61.5353,15.0206
2018-08-08,2018-08-08 16:50:51,61.4331,14.5906
2018-08-08,2018-08-08 16:51:06,61.0398,15.4247
2018-08-08,2018-08-08 16:51:21,61.2426,15.3808
2018-08-08,2018-08-08 16:51:21,61.2406,15.3644
2018-08-08,2018-08-08 16:51:22,61.0862,15.5108
2018-08-08,2018-08-08 16:51:23,61.0136,15.462
2018-08-08,2018-08-08 16:51:23,61.0438,15.4215
2018-08-08,2018-08-08 16:51:24,61.0137,15.4619
2018-08-08,2018-08-08 16:51:24,61.0109,15.458
2018-08-08,2018-08-08 16:51:39,61.06,15.4175
2018-08-08,2018-08-08 16:51:39,61.0615,15.4332
2018-08-08,2018-08-08 16:51:39,61.0614,15.4374
2018-08-08,2018-08-08 16:51:39,61.0605,15.4253
2018-08-08,2018-08-08 16:51:39,61.0607,15.4138
2018-08-08,2018-08-08 16:51:50,61.233,15.3934
2018-08-08,2018-08-08 16:51:50,61.2319,15.3981
2018-08-08,2018-08-08 16:51:51,60.6462,15.6621
2018-08-08,2018-08-08 16:51:51,60.6771,15.643
2018-08-08,2018-08-08 16:51:55,61.0364,15.4202
2018-08-08,2018-08-08 16:51:55,61.0349,15.4202
2018-08-08,2018-08-08 16:51:55,61.0376,15.4314
2018-08-08,2018-08-08 16:51:55,61.0374,15.4319
2018-08-08,2018-08-08 16:51:55,60.7876,15.3282
2018-08-08,2018-08-08 16:52:12,61.1873,15.3745
2018-08-08,2018-08-08 16:52:12,61.2084,15.3754
2018-08-08,2018-08-08 16:52:12,61.2079,15.3621
2018-08-08,2018-08-08 16:52:12,60.5853,15.8029
2018-08-08,2018-08-08 16:52:19,60.7126,15.6944
2018-08-08,2018-08-08 16:52:24,61.0473,15.4715
2018-08-08,2018-08-08 16:52:30,60.5941,15.6742
2018-08-08,2018-08-08 16:52:35,60.7061,15.5902
2018-08-08,2018-08-08 16:52:35,60.703,15.5951
2018-08-08,2018-08-08 16:52:35,60.6794,15.6462
2018-08-08,2018-08-08 16:52:36,60.6987,15.5812
2018-08-08,2018-08-08 16:52:36,60.6985,15.5897
2018-08-08,2018-08-08 16:52:37,61.1473,15.3371
2018-08-08,2018-08-08 16:52:37,61.1473,15.3266
2018-08-08,2018-08-08 16:52:37,61.143,15.3359
2018-08-08,2018-08-08 16:52:46,61.0658,15.5031
2018-08-08,2018-08-08 16:52:46,61.0295,15.497
2018-08-08,2018-08-08 16:52:54,61.1047,15.3647
2018-08-08,2018-08-08 16:52:54,61.0882,15.3441
2018-08-08,2018-08-08 16:53:03,60.7219,15.6706
2018-08-08,2018-08-08 16:53:04,60.7204,15.6605
2018-08-08,2018-08-08 16:53:04,60.7296,15.6401
2018-08-08,2018-08-08 16:53:04,60.7248,15.6525
2018-08-08,2018-08-08 16:53:05,61.2237,15.4117
2018-08-08,2018-08-08 16:53:08,60.6452,15.7116
2018-08-08,2018-08-08 16:53:13,61.2169,15.3449
2018-08-08,2018-08-08 16:53:30,61.0543,15.4791
2018-08-08,2018-08-08 16:53:35,60.6628,15.6596
2018-08-08,2018-08-08 16:53:35,60.6593,15.6928
2018-08-08,2018-08-08 16:53:38,61.1778,15.3808
2018-08-08,2018-08-08 16:53:38,61.1781,15.3744
2018-08-08,2018-08-08 16:53:38,61.0188,14.7159
2018-08-08,2018-08-08 16:53:38,61.1791,15.373
2018-08-08,2018-08-08 16:53:38,61.1801,15.3854
2018-08-08,2018-08-08 16:53:38,61.1424,15.3397
2018-08-08,2018-08-08 16:53:38,61.1796,15.3854
2018-08-08,2018-08-08 16:53:39,61.1814,15.3864
2018-08-08,2018-08-08 16:53:39,61.1821,15.3889
2018-08-08,2018-08-08 16:53:42,60.6658,15.6636
2018-08-08,2018-08-08 16:53:42,60.6657,15.6631
2018-08-08,2018-08-08 16:53:42,60.6526,15.7742
2018-08-08,2018-08-08 16:53:42,60.6297,15.6879
2018-08-08,2018-08-08 16:53:42,60.63,15.6894
2018-08-08,2018-08-08 16:53:42,60.6615,15.6771
2018-08-08,2018-08-08 16:53:43,60.6555,15.6695
2018-08-08,2018-08-08 16:53:51,66.3619,13.718
2018-08-08,2018-08-08 16:53:56,61.0967,15.346
2018-08-08,2018-08-08 16:53:58,60.667,15.7855
2018-08-08,2018-08-08 16:53:58,60.6052,15.9072
2018-08-08,2018-08-08 16:53:58,60.5525,15.8794
2018-08-08,2018-08-08 16:54:03,61.7666,14.9225
2018-08-08,2018-08-08 16:54:05,60.103,15.4869
2018-08-08,2018-08-08 16:54:05,60.9247,15.6275
2018-08-08,2018-08-08 16:54:05,60.9647,15.6847
2018-08-08,2018-08-08 16:54:05,60.9185,15.7277
2018-08-08,2018-08-08 16:54:09,61.0576,15.5097
2018-08-08,2018-08-08 16:54:10,61.0726,15.5406
2018-08-08,2018-08-08 16:54:10,61.0606,15.5225
2018-08-08,2018-08-08 16:54:10,61.0609,15.5324
2018-08-08,2018-08-08 16:54:12,60.7043,15.5787
2018-08-08,2018-08-08 16:54:28,61.0213,15.5337
2018-08-08,2018-08-08 16:54:29,61.0294,15.5476
2018-08-08,2018-08-08 16:54:29,61.0686,15.444
2018-08-08,2018-08-08 16:54:29,61.0309,15.5627
2018-08-08,2018-08-08 16:54:30,60.1081,15.5219
2018-08-08,2018-08-08 16:54:30,60.0981,15.4615
2018-08-08,2018-08-08 16:54:37,60.6924,15.5109
2018-08-08,2018-08-08 16:54:43,60.6651,15.6982
2018-08-08,2018-08-08 16:54:43,60.7551,15.4815
2018-08-08,2018-08-08 16:54:47,63.1921,5.6361
2018-08-08,2018-08-08 16:54:47,63.1758,5.5897
2018-08-08,2018-08-08 16:54:47,63.2033,5.6749
2018-08-08,2018-08-08 16:54:47,60.9979,15.2505
2018-08-08,2018-08-08 16:54:53,60.6876,15.6943
2018-08-08,2018-08-08 16:54:53,60.6578,15.6941
2018-08-08,2018-08-08 16:54:53,60.6555,15.695
2018-08-08,2018-08-08 16:54:54,60.6373,15.7083
2018-08-08,2018-08-08 16:54:54,60.7605,16.0486
2018-08-08,2018-08-08 16:54:54,60.6348,15.7099
2018-08-08,2018-08-08 16:54:54,60.6376,15.705
2018-08-08,2018-08-08 16:54:54,60.6377,15.7034
2018-08-08,2018-08-08 16:55:01,60.6493,15.7067
2018-08-08,2018-08-08 16:55:03,61.1983,15.3076
2018-08-08,2018-08-08 16:55:03,60.7102,15.6537
2018-08-08,2018-08-08 16:55:03,60.7381,15.6653
2018-08-08,2018-08-08 16:55:06,60.9448,15.8047
2018-08-08,2018-08-08 16:55:07,61.7241,14.9011
2018-08-08,2018-08-08 16:55:07,61.7813,14.9362
2018-08-08,2018-08-08 16:55:07,61.5161,15.0031
2018-08-08,2018-08-08 16:55:08,60.1149,15.4862
2018-08-08,2018-08-08 16:55:09,61.1119,15.4011
2018-08-08,2018-08-08 16:55:11,61.1021,15.481
2018-08-08,2018-08-08 16:55:12,61.1012,15.4757
2018-08-08,2018-08-08 16:55:20,60.6499,15.7031
2018-08-08,2018-08-08 16:55:21,61.2637,15.5622
2018-08-08,2018-08-08 16:55:21,61.2312,15.4151
2018-08-08,2018-08-08 16:55:21,61.2208,15.3979
2018-08-08,2018-08-08 16:55:21,61.2653,15.5661
2018-08-08,2018-08-08 16:55:21,60.2532,15.4026
2018-08-08,2018-08-08 16:55:22,60.565,15.8673
2018-08-08,2018-08-08 16:55:24,60.7132,15.6754
2018-08-08,2018-08-08 16:55:25,60.7222,15.6845
2018-08-08,2018-08-08 16:55:25,60.7163,15.6914
2018-08-08,2018-08-08 16:55:28,66.911,10.5345
2018-08-08,2018-08-08 16:55:40,61.1631,15.4127
2018-08-08,2018-08-08 16:55:45,60.6721,15.6737
2018-08-08,2018-08-08 16:55:48,60.699,15.6919
2018-08-08,2018-08-08 16:55:48,60.9542,15.8629
2018-08-08,2018-08-08 16:55:54,61.0735,15.5452
2018-08-08,2018-08-08 16:55:54,61.0922,15.4637
2018-08-08,2018-08-08 16:55:54,61.0774,15.5213
2018-08-08,2018-08-08 16:55:54,61.0782,15.5471
2018-08-08,2018-08-08 16:55:54,61.1091,15.5183
2018-08-08,2018-08-08 16:55:54,61.0775,15.5482
2018-08-08,2018-08-08 16:56:04,60.6761,15.6872
2018-08-08,2018-08-08 16:56:04,60.6697,15.7289
2018-08-08,2018-08-08 16:56:04,60.6908,15.7016
2018-08-08,2018-08-08 16:56:04,60.6647,15.7087
2018-08-08,2018-08-08 16:56:04,60.6694,15.71
2018-08-08,2018-08-08 16:56:05,60.6788,15.6999
2018-08-08,2018-08-08 16:56:05,60.6667,15.6504
2018-08-08,2018-08-08 16:56:05,60.673,15.7099
2018-08-08,2018-08-08 16:56:09,60.9845,15.9185
2018-08-08,2018-08-08 16:56:09,60.6633,15.6873
2018-08-08,2018-08-08 16:56:11,61.1116,15.4986
2018-08-08,2018-08-08 16:56:12,60.1107,15.4052
2018-08-08,2018-08-08 16:56:17,61.2062,15.5805
2018-08-08,2018-08-08 16:56:24,61.1368,15.4809
2018-08-08,2018-08-08 16:56:24,61.1347,15.4432
2018-08-08,2018-08-08 16:56:24,61.1389,15.4837
2018-08-08,2018-08-08 16:56:25,61.1389,15.4852
2018-08-08,2018-08-08 16:56:27,60.6681,15.6908
2018-08-08,2018-08-08 16:56:32,60.7432,15.7011
2018-08-08,2018-08-08 16:56:36,61.1132,15.4955
2018-08-08,2018-08-08 16:56:43,60.68,15.7156
2018-08-08,2018-08-08 16:56:43,60.681,15.7128
2018-08-08,2018-08-08 16:56:43,60.6811,15.7168
2018-08-08,2018-08-08 16:56:43,60.6795,15.7174
2018-08-08,2018-08-08 16:56:43,60.6803,15.7136
2018-08-08,2018-08-08 16:56:43,60.6999,15.698
2018-08-08,2018-08-08 16:56:49,61.7663,14.9852
2018-08-08,2018-08-08 16:56:49,60.725,15.6839
2018-08-08,2018-08-08 16:56:56,61.0939,15.4999
2018-08-08,2018-08-08 16:56:56,61.0662,15.4845
2018-08-08,2018-08-08 16:56:59,60.9698,15.8824
2018-08-08,2018-08-08 16:57:06,60.7397,15.8114
2018-08-08,2018-08-08 16:57:12,61.1247,15.4802
2018-08-08,2018-08-08 16:57:22,60.7408,15.6509
2018-08-08,2018-08-08 16:57:22,60.7322,15.7238
2018-08-08,2018-08-08 16:57:22,60.7457,15.7238
2018-08-08,2018-08-08 16:57:23,60.7271,15.6937
2018-08-08,2018-08-08 16:57:23,60.43,15.8195
2018-08-08,2018-08-08 16:57:23,60.7285,15.6723
2018-08-08,2018-08-08 16:57:23,60.7313,15.6777
2018-08-08,2018-08-08 16:57:23,60.7134,15.5943
2018-08-08,2018-08-08 16:57:24,61.0525,15.3494
2018-08-08,2018-08-08 16:57:25,61.1442,15.4711
2018-08-08,2018-08-08 16:57:26,60.9897,15.777
2018-08-08,2018-08-08 16:57:26,60.9614,15.9473
2018-08-08,2018-08-08 16:57:26,60.9564,15.8903
2018-08-08,2018-08-08 16:57:26,60.9619,15.9537
2018-08-08,2018-08-08 16:57:27,61.2186,15.4269
2018-08-08,2018-08-08 16:57:37,61.1412,15.5542
2018-08-08,2018-08-08 16:57:47,61.1102,15.5041
2018-08-08,2018-08-08 16:57:47,60.7233,15.6636
2018-08-08,2018-08-08 16:57:47,60.724,15.6471
2018-08-08,2018-08-08 16:57:47,61.1112,15.5043
2018-08-08,2018-08-08 16:57:48,60.3216,15.3854
2018-08-08,2018-08-08 16:57:52,60.7292,15.7165
2018-08-08,2018-08-08 16:57:55,61.2628,15.444
2018-08-08,2018-08-08 16:57:55,61.2599,15.4752
2018-08-08,2018-08-08 16:57:57,61.692,14.8671
2018-08-08,2018-08-08 16:57:57,61.7571,14.9282
2018-08-08,2018-08-08 16:57:58,60.6174,15.8605
2018-08-08,2018-08-08 16:58:03,63.1875,5.7065
2018-08-08,2018-08-08 16:58:06,61.1773,15.4519
2018-08-08,2018-08-08 16:58:06,61.1802,15.4576
2018-08-08,2018-08-08 16:58:06,60.6558,15.7698
2018-08-08,2018-08-08 16:58:08,60.1162,15.5298
2018-08-08,2018-08-08 16:58:08,61.1629,15.511
2018-08-08,2018-08-08 16:58:13,61.2619,15.4296
2018-08-08,2018-08-08 16:58:17,61.0767,15.56
2018-08-08,2018-08-08 16:58:17,61.0734,15.5535
2018-08-08,2018-08-08 16:58:18,61.1582,15.4885
2018-08-08,2018-08-08 16:58:19,61.2605,15.4111
2018-08-08,2018-08-08 16:58:21,60.718,15.8502
2018-08-08,2018-08-08 16:58:21,60.6686,15.8361
2018-08-08,2018-08-08 16:58:28,60.9774,15.8725
2018-08-08,2018-08-08 16:58:30,61.1386,15.4115
2018-08-08,2018-08-08 16:58:33,60.6796,15.7501
2018-08-08,2018-08-08 16:58:33,60.7191,15.5606
2018-08-08,2018-08-08 16:58:33,60.6408,15.793
2018-08-08,2018-08-08 16:58:37,61.187,15.4031
2018-08-08,2018-08-08 16:58:42,60.7423,15.6947
2018-08-08,2018-08-08 16:58:42,60.746,15.6841
2018-08-08,2018-08-08 16:58:53,60.7198,15.704
2018-08-08,2018-08-08 16:58:54,60.7063,15.7469
2018-08-08,2018-08-08 16:58:54,60.709,15.7308
2018-08-08,2018-08-08 16:58:54,60.7089,15.746
2018-08-08,2018-08-08 16:58:54,60.7066,15.7355
2018-08-08,2018-08-08 16:58:54,60.4437,16.3068
2018-08-08,2018-08-08 16:58:54,60.7231,15.6938
2018-08-08,2018-08-08 16:58:55,61.1755,15.4875
2018-08-08,2018-08-08 16:58:55,61.183,15.5042
2018-08-08,2018-08-08 16:59:01,61.0902,15.6236
2018-08-08,2018-08-08 16:59:02,61.0897,15.6115
2018-08-08,2018-08-08 16:59:02,61.0888,15.6262
2018-08-08,2018-08-08 16:59:07,60.7298,15.8037
2018-08-08,2018-08-08 16:59:07,60.7325,15.8024
2018-08-08,2018-08-08 16:59:08,61.136,15.4551
2018-08-08,2018-08-08 16:59:12,60.7485,15.692
2018-08-08,2018-08-08 16:59:12,60.7452,15.6963
2018-08-08,2018-08-08 16:59:12,60.7477,15.6898
2018-08-08,2018-08-08 16:59:12,60.7461,15.6969
2018-08-08,2018-08-08 16:59:12,60.7468,15.6969
2018-08-08,2018-08-08 16:59:12,60.7458,15.6956
2018-08-08,2018-08-08 16:59:13,60.9926,15.8652
2018-08-08,2018-08-08 16:59:13,60.9643,15.7093
2018-08-08,2018-08-08 16:59:16,60.2371,15.5417
2018-08-08,2018-08-08 16:59:17,60.1137,15.5359
2018-08-08,2018-08-08 16:59:28,61.227,15.3103
2018-08-08,2018-08-08 16:59:28,61.1972,15.4535
2018-08-08,2018-08-08 16:59:28,61.2008,15.4591
2018-08-08,2018-08-08 16:59:28,61.1994,15.467
2018-08-08,2018-08-08 16:59:42,61.121,15.5577
2018-08-08,2018-08-08 16:59:47,61.7923,14.9926
2018-08-08,2018-08-08 16:59:48,61.1233,15.5143
2018-08-08,2018-08-08 16:59:49,60.7455,15.6886
2018-08-08,2018-08-08 16:59:49,60.7362,15.6221
2018-08-08,2018-08-08 16:59:49,60.746,15.6817
2018-08-08,2018-08-08 16:59:49,60.7737,15.674
2018-08-08,2018-08-08 16:59:54,61.3132,15.5102
2018-08-08,2018-08-08 16:59:54,61.3127,15.5075
2018-08-08,2018-08-08 17:00:00,61.1885,15.4656
2018-08-08,2018-08-08 17:00:11,61.0285,15.9704
2018-08-08,2018-08-08 17:00:12,61.2492,15.4613
2018-08-08,2018-08-08 17:00:14,61.2075,15.4627
2018-08-08,2018-08-08 17:00:14,61.2243,15.4578
2018-08-08,2018-08-08 17:00:14,61.2106,15.4667
2018-08-08,2018-08-08 17:00:17,60.7537,15.6955
2018-08-08,2018-08-08 17:00:18,61.1481,15.5088
2018-08-08,2018-08-08 17:00:18,60.6131,15.6943
2018-08-08,2018-08-08 17:00:18,60.6423,15.6611
2018-08-08,2018-08-08 17:00:18,60.6438,15.6605
2018-08-08,2018-08-08 17:00:18,60.6399,15.6956
2018-08-08,2018-08-08 17:00:19,60.6345,15.6705
2018-08-08,2018-08-08 17:00:19,60.6325,15.6668
2018-08-08,2018-08-08 17:00:23,61.1365,15.5407
2018-08-08,2018-08-08 17:00:24,61.1895,15.3576
2018-08-08,2018-08-08 17:00:27,61.1745,15.5359
2018-08-08,2018-08-08 17:00:37,61.2217,15.4282
2018-08-08,2018-08-08 17:00:38,61.347,15.4771
2018-08-08,2018-08-08 17:00:38,61.1059,15.5923
2018-08-08,2018-08-08 17:00:38,61.1114,15.5919
2018-08-08,2018-08-08 17:00:38,61.1155,15.5742
2018-08-08,2018-08-08 17:00:38,61.3194,15.4979
2018-08-08,2018-08-08 17:00:38,61.1106,15.6061
2018-08-08,2018-08-08 17:00:39,61.1063,15.5838
2018-08-08,2018-08-08 17:00:49,61.2604,15.4895
2018-08-08,2018-08-08 17:00:49,61.2832,15.512
2018-08-08,2018-08-08 17:00:51,60.7387,15.9543
2018-08-08,2018-08-08 17:00:51,60.7749,15.7567
2018-08-08,2018-08-08 17:01:01,61.1073,15.5659
2018-08-08,2018-08-08 17:01:02,60.7651,15.6941
2018-08-08,2018-08-08 17:01:02,61.2064,15.4306
2018-08-08,2018-08-08 17:01:02,61.2074,15.4331
2018-08-08,2018-08-08 17:01:02,60.7774,15.6759
2018-08-08,2018-08-08 17:01:02,61.2148,15.4268
2018-08-08,2018-08-08 17:01:02,60.7658,15.696
2018-08-08,2018-08-08 17:01:02,61.2062,15.4292
2018-08-08,2018-08-08 17:01:06,61.3225,15.5058
2018-08-08,2018-08-08 17:01:07,61.3202,15.4871
2018-08-08,2018-08-08 17:01:10,61.7571,14.95
2018-08-08,2018-08-08 17:01:10,61.7589,14.9502
2018-08-08,2018-08-08 17:01:10,61.5435,14.7264
2018-08-08,2018-08-08 17:01:16,61.1162,15.5957
2018-08-08,2018-08-08 17:01:18,60.773,15.7138
2018-08-08,2018-08-08 17:01:18,60.7809,15.9085
2018-08-08,2018-08-08 17:01:18,60.7286,15.6734
2018-08-08,2018-08-08 17:01:18,60.7668,15.7149
2018-08-08,2018-08-08 17:01:18,60.7647,15.7168
2018-08-08,2018-08-08 17:01:18,60.768,15.7148
2018-08-08,2018-08-08 17:01:18,60.7662,15.7356
2018-08-08,2018-08-08 17:01:18,60.7647,15.7234
2018-08-08,2018-08-08 17:01:18,60.7649,15.7088
2018-08-08,2018-08-08 17:01:18,60.7754,15.7036
2018-08-08,2018-08-08 17:01:18,60.7717,15.714
2018-08-08,2018-08-08 17:01:27,61.2535,15.4776
2018-08-08,2018-08-08 17:01:30,61.3043,15.4335
2018-08-08,2018-08-08 17:01:37,61.2869,15.6488
2018-08-08,2018-08-08 17:01:37,61.3495,15.4832
2018-08-08,2018-08-08 17:01:37,61.3457,15.4747
2018-08-08,2018-08-08 17:01:39,60.2603,15.5632
2018-08-08,2018-08-08 17:01:39,60.2586,15.5521
2018-08-08,2018-08-08 17:01:40,60.8668,15.7087
2018-08-08,2018-08-08 17:01:40,61.2267,15.3962
2018-08-08,2018-08-08 17:01:47,60.7556,15.7492
2018-08-08,2018-08-08 17:01:47,60.6539,15.8035
2018-08-08,2018-08-08 17:01:47,60.7574,15.7539
2018-08-08,2018-08-08 17:01:53,61.1625,15.5682
2018-08-08,2018-08-08 17:01:58,60.7244,15.7329
2018-08-08,2018-08-08 17:01:58,61.2574,15.5473
2018-08-08,2018-08-08 17:01:58,61.2382,15.4927
2018-08-08,2018-08-08 17:01:58,60.752,15.7022
2018-08-08,2018-08-08 17:01:58,61.2347,15.5126
2018-08-08,2018-08-08 17:02:08,60.6267,15.9003
2018-08-08,2018-08-08 17:02:12,61.238,15.5186
2018-08-08,2018-08-08 17:02:12,61.235,15.507
2018-08-08,2018-08-08 17:02:12,61.2367,15.5201
2018-08-08,2018-08-08 17:02:16,61.0142,15.889
2018-08-08,2018-08-08 17:02:17,60.7011,15.7819
2018-08-08,2018-08-08 17:02:17,60.7233,15.7968
2018-08-08,2018-08-08 17:02:18,60.7047,15.7993
2018-08-08,2018-08-08 17:02:21,61.287,15.4747
2018-08-08,2018-08-08 17:02:23,61.1535,15.5292
2018-08-08,2018-08-08 17:02:25,60.7686,15.7511
2018-08-08,2018-08-08 17:02:25,60.7956,15.7741
2018-08-08,2018-08-08 17:02:33,60.7689,15.7954
2018-08-08,2018-08-08 17:02:33,61.131,15.5441
2018-08-08,2018-08-08 17:02:33,60.7584,15.7462
2018-08-08,2018-08-08 17:02:33,60.7942,16.0253
2018-08-08,2018-08-08 17:02:34,60.753,15.8281
2018-08-08,2018-08-08 17:02:37,61.2086,15.4257
2018-08-08,2018-08-08 17:02:41,60.716,15.6845
2018-08-08,2018-08-08 17:02:57,60.7979,15.7928
2018-08-08,2018-08-08 17:02:57,60.8037,15.8408
2018-08-08,2018-08-08 17:03:02,61.2177,15.4605
2018-08-08,2018-08-08 17:03:05,61.3271,15.4789
2018-08-08,2018-08-08 17:03:05,61.3211,15.4637
2018-08-08,2018-08-08 17:03:11,61.24,15.4314
2018-08-08,2018-08-08 17:03:11,61.2413,15.4304
2018-08-08,2018-08-08 17:03:12,61.2291,15.5376
2018-08-08,2018-08-08 17:03:12,61.2271,15.5285
2018-08-08,2018-08-08 17:03:12,61.2253,15.527
2018-08-08,2018-08-08 17:03:12,61.2254,15.5324
2018-08-08,2018-08-08 17:03:12,61.2402,15.495
2018-08-08,2018-08-08 17:03:12,61.2423,15.5127
2018-08-08,2018-08-08 17:03:15,60.2719,15.5113
2018-08-08,2018-08-08 17:03:15,61.1521,15.5785
2018-08-08,2018-08-08 17:03:15,60.2765,15.5445
2018-08-08,2018-08-08 17:03:15,61.288,15.5543
2018-08-08,2018-08-08 17:03:15,60.2677,15.5111
2018-08-08,2018-08-08 17:03:15,60.1998,15.6134
2018-08-08,2018-08-08 17:03:15,60.2769,15.5078
2018-08-08,2018-08-08 17:03:16,61.1251,15.6837
2018-08-08,2018-08-08 17:03:16,61.1539,15.5775
2018-08-08,2018-08-08 17:03:16,61.0243,15.9486
2018-08-08,2018-08-08 17:03:16,61.0359,15.9311
2018-08-08,2018-08-08 17:03:22,60.7557,15.8266
2018-08-08,2018-08-08 17:03:22,60.7551,15.8225
2018-08-08,2018-08-08 17:03:22,60.7627,15.7991
2018-08-08,2018-08-08 17:03:22,60.7523,15.8195
2018-08-08,2018-08-08 17:03:22,60.756,15.8144
2018-08-08,2018-08-08 17:03:35,60.8112,15.7935
2018-08-08,2018-08-08 17:03:35,60.8111,15.7909
2018-08-08,2018-08-08 17:03:35,60.7602,15.8543
2018-08-08,2018-08-08 17:03:35,60.7782,15.8217
2018-08-08,2018-08-08 17:03:35,60.8355,15.6858
2018-08-08,2018-08-08 17:03:36,60.7777,15.8145
2018-08-08,2018-08-08 17:03:39,61.1347,15.5907
2018-08-08,2018-08-08 17:03:39,61.1619,15.5756
2018-08-08,2018-08-08 17:03:39,61.1553,15.5651
2018-08-08,2018-08-08 17:03:40,61.7793,14.9736
2018-08-08,2018-08-08 17:03:43,61.2697,15.5576
2018-08-08,2018-08-08 17:03:43,61.27,15.5639
2018-08-08,2018-08-08 17:03:48,61.3808,15.5035
2018-08-08,2018-08-08 17:03:53,60.7857,15.8122
2018-08-08,2018-08-08 17:03:53,60.7949,15.758
2018-08-08,2018-08-08 17:03:53,60.7763,15.8253
2018-08-08,2018-08-08 17:03:55,61.1634,15.5248
2018-08-08,2018-08-08 17:03:59,61.3178,15.5691
2018-08-08,2018-08-08 17:03:59,61.3196,15.5574
2018-08-08,2018-08-08 17:04:10,61.2526,15.5284
2018-08-08,2018-08-08 17:04:10,61.2547,15.5217
2018-08-08,2018-08-08 17:04:10,61.2534,15.5269
2018-08-08,2018-08-08 17:04:10,61.2565,15.5476
2018-08-08,2018-08-08 17:04:10,61.2507,15.5278
2018-08-08,2018-08-08 17:04:10,61.2527,15.5266
2018-08-08,2018-08-08 17:04:15,61.1997,15.4976
2018-08-08,2018-08-08 17:04:15,61.2054,15.4981
2018-08-08,2018-08-08 17:04:17,61.3049,15.5342
2018-08-08,2018-08-08 17:04:17,61.3189,15.5384
2018-08-08,2018-08-08 17:04:20,60.8444,15.7988
2018-08-08,2018-08-08 17:04:20,60.8031,15.9368
2018-08-08,2018-08-08 17:04:20,60.8356,15.8795
2018-08-08,2018-08-08 17:04:20,60.7845,15.7943
2018-08-08,2018-08-08 17:04:21,60.7994,15.9684
2018-08-08,2018-08-08 17:04:26,60.29,15.5586
2018-08-08,2018-08-08 17:04:38,61.3709,15.5087
2018-08-08,2018-08-08 17:04:38,60.7792,15.7968
2018-08-08,2018-08-08 17:04:38,60.7778,15.8076
2018-08-08,2018-08-08 17:04:38,60.781,15.7852
2018-08-08,2018-08-08 17:04:38,60.7909,15.786
2018-08-08,2018-08-08 17:04:38,60.7813,15.7524
2018-08-08,2018-08-08 17:04:39,61.3889,15.5234
2018-08-08,2018-08-08 17:04:39,61.3908,15.5174
2018-08-08,2018-08-08 17:04:39,61.3546,15.5224
2018-08-08,2018-08-08 17:04:39,60.7783,15.8028
2018-08-08,2018-08-08 17:04:40,61.3288,15.5816
2018-08-08,2018-08-08 17:04:49,61.2785,15.5856
2018-08-08,2018-08-08 17:04:53,61.3553,15.5144
2018-08-08,2018-08-08 17:04:54,60.7836,15.7893
2018-08-08,2018-08-08 17:04:54,60.786,15.7936
2018-08-08,2018-08-08 17:04:54,60.7889,15.7471
2018-08-08,2018-08-08 17:04:56,61.1179,15.6046
2018-08-08,2018-08-08 17:05:09,61.3076,15.5026
2018-08-08,2018-08-08 17:05:15,61.3578,15.573
2018-08-08,2018-08-08 17:05:15,61.3584,15.5783
2018-08-08,2018-08-08 17:05:15,61.3597,15.571
2018-08-08,2018-08-08 17:05:15,61.361,15.5818
2018-08-08,2018-08-08 17:05:15,61.3579,15.5741
2018-08-08,2018-08-08 17:05:15,61.3598,15.5811
2018-08-08,2018-08-08 17:05:16,60.7899,15.7429
2018-08-08,2018-08-08 17:05:21,61.1562,15.5991
2018-08-08,2018-08-08 17:05:23,61.7666,14.9792
2018-08-08,2018-08-08 17:05:24,61.3521,15.5294
2018-08-08,2018-08-08 17:05:24,61.279,15.5959
2018-08-08,2018-08-08 17:05:24,61.2789,15.5979
2018-08-08,2018-08-08 17:05:24,61.2787,15.5818
2018-08-08,2018-08-08 17:05:24,61.2817,15.5943
2018-08-08,2018-08-08 17:05:26,61.2287,15.5277
2018-08-08,2018-08-08 17:05:26,61.3618,15.5309
2018-08-08,2018-08-08 17:05:29,61.2558,15.5767
2018-08-08,2018-08-08 17:05:34,60.7795,15.8274
2018-08-08,2018-08-08 17:05:34,60.7696,15.7671
2018-08-08,2018-08-08 17:05:34,60.7758,15.841
2018-08-08,2018-08-08 17:05:34,60.7739,15.8412
2018-08-08,2018-08-08 17:05:34,60.7693,15.7678
2018-08-08,2018-08-08 17:05:39,60.8,15.7606
2018-08-08,2018-08-08 17:05:39,60.8179,15.8096
2018-08-08,2018-08-08 17:05:39,60.8065,15.8267
2018-08-08,2018-08-08 17:05:39,60.8082,15.8049
2018-08-08,2018-08-08 17:05:39,60.8068,15.8346
2018-08-08,2018-08-08 17:05:45,60.7938,15.7861
2018-08-08,2018-08-08 17:05:48,61.2846,15.5973
2018-08-08,2018-08-08 17:05:48,61.283,15.5867
2018-08-08,2018-08-08 17:05:48,61.3072,15.6471
2018-08-08,2018-08-08 17:05:48,61.2812,15.6118
2018-08-08,2018-08-08 17:05:48,61.282,15.6098
2018-08-08,2018-08-08 17:05:48,61.2815,15.5852
2018-08-08,2018-08-08 17:05:48,61.3154,15.5109
2018-08-08,2018-08-08 17:05:48,61.2809,15.5834
2018-08-08,2018-08-08 17:05:50,61.3533,15.5808
2018-08-08,2018-08-08 17:05:54,60.2796,15.5103
2018-08-08,2018-08-08 17:05:57,60.8189,15.8227
2018-08-08,2018-08-08 17:05:57,60.834,15.9468
2018-08-08,2018-08-08 17:05:57,60.8307,15.9322
2018-08-08,2018-08-08 17:05:57,60.824,15.8666
2018-08-08,2018-08-08 17:05:57,60.8215,15.9093
2018-08-08,2018-08-08 17:06:00,61.1888,15.5405
2018-08-08,2018-08-08 17:06:03,61.137,15.6467
2018-08-08,2018-08-08 17:06:06,61.2873,15.6105
2018-08-08,2018-08-08 17:06:06,61.2974,15.5037
2018-08-08,2018-08-08 17:06:06,61.2842,15.6
2018-08-08,2018-08-08 17:06:07,60.8347,15.8544
2018-08-08,2018-08-08 17:06:07,60.7925,15.7931
2018-08-08,2018-08-08 17:06:07,61.2888,15.6234
2018-08-08,2018-08-08 17:06:15,60.6149,15.9378
2018-08-08,2018-08-08 17:06:15,60.6589,16.0
2018-08-08,2018-08-08 17:06:15,60.6177,15.9378
2018-08-08,2018-08-08 17:06:15,60.8417,15.9046
2018-08-08,2018-08-08 17:06:15,60.7999,15.8315
2018-08-08,2018-08-08 17:06:15,60.641,15.9634
2018-08-08,2018-08-08 17:06:18,61.3729,15.558
2018-08-08,2018-08-08 17:06:20,61.2845,15.5931
2018-08-08,2018-08-08 17:06:27,61.1736,15.5827
2018-08-08,2018-08-08 17:06:35,60.804,15.8307
2018-08-08,2018-08-08 17:06:35,60.8141,15.8271
2018-08-08,2018-08-08 17:06:35,60.9033,15.4691
2018-08-08,2018-08-08 17:06:35,60.8079,15.828
2018-08-08,2018-08-08 17:06:35,60.8113,15.8254
2018-08-08,2018-08-08 17:06:35,60.8107,15.8258
2018-08-08,2018-08-08 17:06:39,61.3515,15.6019
2018-08-08,2018-08-08 17:06:39,61.3861,15.5859
2018-08-08,2018-08-08 17:06:40,61.2316,15.567
2018-08-08,2018-08-08 17:06:40,61.3002,15.6137
2018-08-08,2018-08-08 17:06:41,61.2668,15.587
2018-08-08,2018-08-08 17:06:46,60.8142,15.7432
2018-08-08,2018-08-08 17:06:46,60.8054,15.7757
2018-08-08,2018-08-08 17:06:46,60.8178,15.6181
2018-08-08,2018-08-08 17:06:46,60.8151,15.7472
2018-08-08,2018-08-08 17:06:47,60.8256,15.889
2018-08-08,2018-08-08 17:07:01,60.7891,15.8388
2018-08-08,2018-08-08 17:07:01,60.7893,15.8409
2018-08-08,2018-08-08 17:07:21,61.4258,15.4167
2018-08-08,2018-08-08 17:07:21,61.1786,15.5689
2018-08-08,2018-08-08 17:07:21,60.6847,15.9344
2018-08-08,2018-08-08 17:07:23,60.8153,15.7337
2018-08-08,2018-08-08 17:07:24,60.813,15.7297
2018-08-08,2018-08-08 17:07:24,60.8239,15.8312
2018-08-08,2018-08-08 17:07:24,60.8031,15.7519
2018-08-08,2018-08-08 17:07:24,60.3025,15.581
2018-08-08,2018-08-08 17:07:26,61.3775,15.6078
2018-08-08,2018-08-08 17:07:26,61.2825,15.5756
2018-08-08,2018-08-08 17:07:26,61.3766,15.6053
2018-08-08,2018-08-08 17:07:26,61.2805,15.5787
2018-08-08,2018-08-08 17:07:26,61.2718,15.5826
2018-08-08,2018-08-08 17:07:26,61.3443,15.6074
2018-08-08,2018-08-08 17:07:26,61.2521,15.5441
2018-08-08,2018-08-08 17:07:26,61.2792,15.5771
2018-08-08,2018-08-08 17:07:26,61.3763,15.6068
2018-08-08,2018-08-08 17:07:26,63.2942,5.6743
2018-08-08,2018-08-08 17:07:26,61.3758,15.5973
2018-08-08,2018-08-08 17:07:38,61.0851,16.0355
2018-08-08,2018-08-08 17:07:38,61.0752,15.9751
2018-08-08,2018-08-08 17:07:38,61.061,16.0108
2018-08-08,2018-08-08 17:07:39,60.8507,15.8283
2018-08-08,2018-08-08 17:07:39,61.1834,15.5663
2018-08-08,2018-08-08 17:07:39,61.197,15.6323
2018-08-08,2018-08-08 17:07:41,60.7672,15.8726
2018-08-08,2018-08-08 17:07:49,61.7556,14.8509
2018-08-08,2018-08-08 17:07:54,61.1811,15.62
2018-08-08,2018-08-08 17:07:54,61.2129,15.6187
2018-08-08,2018-08-08 17:07:54,61.3376,15.5949
2018-08-08,2018-08-08 17:07:54,61.3357,15.5931
2018-08-08,2018-08-08 17:07:54,61.3387,15.6217
2018-08-08,2018-08-08 17:07:54,61.3386,15.605
2018-08-08,2018-08-08 17:07:55,61.2296,15.6283
2018-08-08,2018-08-08 17:07:55,61.2387,15.643
2018-08-08,2018-08-08 17:07:57,61.2505,15.5719
2018-08-08,2018-08-08 17:07:58,60.8432,15.8751
2018-08-08,2018-08-08 17:07:59,60.8451,15.8673
2018-08-08,2018-08-08 17:07:59,60.8464,15.8817
2018-08-08,2018-08-08 17:07:59,60.8464,15.8841
2018-08-08,2018-08-08 17:07:59,60.8464,15.8823
2018-08-08,2018-08-08 17:08:04,61.3548,15.5962
2018-08-08,2018-08-08 17:08:05,61.3124,15.5925
2018-08-08,2018-08-08 17:08:05,61.3232,15.5589
2018-08-08,2018-08-08 17:08:08,60.8575,15.752
2018-08-08,2018-08-08 17:08:08,60.8242,15.837
2018-08-08,2018-08-08 17:08:08,60.827,15.8498
2018-08-08,2018-08-08 17:08:08,60.8361,15.8166
2018-08-08,2018-08-08 17:08:08,60.8217,15.8347
2018-08-08,2018-08-08 17:08:15,60.8418,15.876
2018-08-08,2018-08-08 17:08:16,61.2663,15.6334
2018-08-08,2018-08-08 17:08:19,61.3422,15.595
2018-08-08,2018-08-08 17:08:21,61.1682,15.6566
2018-08-08,2018-08-08 17:08:22,60.7185,15.9515
2018-08-08,2018-08-08 17:08:26,61.3736,15.6352
2018-08-08,2018-08-08 17:08:28,61.2842,15.5974
2018-08-08,2018-08-08 17:08:28,60.8391,15.8844
2018-08-08,2018-08-08 17:08:28,60.8381,15.8429
2018-08-08,2018-08-08 17:08:28,60.8398,15.8868
2018-08-08,2018-08-08 17:08:28,60.8402,15.8964
2018-08-08,2018-08-08 17:08:33,61.2576,15.5184
2018-08-08,2018-08-08 17:08:40,61.2968,15.627
2018-08-08,2018-08-08 17:08:41,60.4055,15.4864
2018-08-08,2018-08-08 17:08:46,61.3306,15.6365
2018-08-08,2018-08-08 17:08:46,61.3322,15.6459
2018-08-08,2018-08-08 17:08:46,60.8175,15.847
2018-08-08,2018-08-08 17:08:46,61.3301,15.6284
2018-08-08,2018-08-08 17:08:46,61.318,15.6315
2018-08-08,2018-08-08 17:08:47,60.8172,15.8466
2018-08-08,2018-08-08 17:08:48,60.0066,4.9355
2018-08-08,2018-08-08 17:09:03,61.2076,15.5766
2018-08-08,2018-08-08 17:09:07,60.747,15.8547
2018-08-08,2018-08-08 17:09:07,60.6929,15.9364
2018-08-08,2018-08-08 17:09:10,61.3583,15.6248
2018-08-08,2018-08-08 17:09:10,61.358,15.6179
2018-08-08,2018-08-08 17:09:10,61.3561,15.6172
2018-08-08,2018-08-08 17:09:10,61.3573,15.6163
2018-08-08,2018-08-08 17:09:11,61.3285,15.5461
2018-08-08,2018-08-08 17:09:11,61.3569,15.6178
2018-08-08,2018-08-08 17:09:11,61.359,15.6411
2018-08-08,2018-08-08 17:09:11,61.3354,15.5221
2018-08-08,2018-08-08 17:09:11,61.3424,15.4894
2018-08-08,2018-08-08 17:09:11,61.3355,15.5138
2018-08-08,2018-08-08 17:09:21,66.5717,12.8496
2018-08-08,2018-08-08 17:09:21,66.6042,12.8612
2018-08-08,2018-08-08 17:09:25,61.0542,16.0401
2018-08-08,2018-08-08 17:09:27,60.8093,15.844
2018-08-08,2018-08-08 17:09:27,60.8155,15.7691
2018-08-08,2018-08-08 17:09:27,60.8195,15.8332
2018-08-08,2018-08-08 17:09:28,61.1654,15.669
2018-08-08,2018-08-08 17:09:28,61.1993,15.6368
2018-08-08,2018-08-08 17:09:29,61.3755,15.6466
2018-08-08,2018-08-08 17:09:30,61.2865,15.4926
2018-08-08,2018-08-08 17:09:30,61.1983,15.6111
2018-08-08,2018-08-08 17:09:39,61.0873,15.4082
2018-08-08,2018-08-08 17:09:40,61.3969,15.6382
2018-08-08,2018-08-08 17:09:41,61.3834,15.6554
2018-08-08,2018-08-08 17:09:41,61.4433,15.5549
2018-08-08,2018-08-08 17:09:41,61.3915,15.6206
2018-08-08,2018-08-08 17:09:44,60.8722,15.8514
2018-08-08,2018-08-08 17:09:44,60.8383,15.8724
2018-08-08,2018-08-08 17:09:44,60.8364,15.8888
2018-08-08,2018-08-08 17:09:44,60.8319,15.8088
2018-08-08,2018-08-08 17:09:45,60.8254,15.8278
2018-08-08,2018-08-08 17:09:45,60.8332,15.8852
2018-08-08,2018-08-08 17:09:46,61.2173,15.5494
2018-08-08,2018-08-08 17:09:46,61.4051,15.6596
2018-08-08,2018-08-08 17:09:46,61.2045,15.5737
2018-08-08,2018-08-08 17:09:51,61.3727,15.6081
2018-08-08,2018-08-08 17:10:04,61.4012,15.6094
2018-08-08,2018-08-08 17:10:04,61.2642,15.3897
2018-08-08,2018-08-08 17:10:04,61.4262,15.6219
2018-08-08,2018-08-08 17:10:04,61.7354,14.9198
2018-08-08,2018-08-08 17:10:04,61.7717,14.9023
2018-08-08,2018-08-08 17:10:16,61.265,15.5973
2018-08-08,2018-08-08 17:10:16,61.217,15.6578
2018-08-08,2018-08-08 17:10:20,58.4521,13.7185
2018-08-08,2018-08-08 17:10:22,60.8644,15.7688
2018-08-08,2018-08-08 17:10:26,61.2784,15.5821
2018-08-08,2018-08-08 17:10:26,61.3083,15.6779
2018-08-08,2018-08-08 17:10:38,61.3973,15.6195
2018-08-08,2018-08-08 17:10:38,60.8449,15.7378
2018-08-08,2018-08-08 17:10:38,60.8474,15.7726
2018-08-08,2018-08-08 17:10:38,60.8807,15.787
2018-08-08,2018-08-08 17:10:38,60.9343,15.6471
2018-08-08,2018-08-08 17:10:38,60.8551,15.8282
2018-08-08,2018-08-08 17:10:38,61.4062,15.6375
2018-08-08,2018-08-08 17:10:38,61.4115,15.6261
2018-08-08,2018-08-08 17:10:38,60.8555,15.8377
2018-08-08,2018-08-08 17:10:38,60.8645,15.8434
2018-08-08,2018-08-08 17:10:38,60.8542,15.8297
2018-08-08,2018-08-08 17:10:38,60.8558,15.817
2018-08-08,2018-08-08 17:10:58,60.8329,15.9038
2018-08-08,2018-08-08 17:10:58,60.8315,15.8829
2018-08-08,2018-08-08 17:10:58,60.8307,15.8805
2018-08-08,2018-08-08 17:10:58,60.8316,15.8822
2018-08-08,2018-08-08 17:10:58,60.8288,15.8827
2018-08-08,2018-08-08 17:10:58,60.8376,15.8942
2018-08-08,2018-08-08 17:10:58,60.8322,15.8756
2018-08-08,2018-08-08 17:11:01,60.717,15.9467
2018-08-08,2018-08-08 17:11:02,60.3631,15.566
2018-08-08,2018-08-08 17:11:02,60.4287,15.5338
2018-08-08,2018-08-08 17:11:16,61.201,15.6162
2018-08-08,2018-08-08 17:11:17,61.4306,15.6447
2018-08-08,2018-08-08 17:11:17,60.8737,15.8204
2018-08-08,2018-08-08 17:11:17,61.4292,15.6409
2018-08-08,2018-08-08 17:11:17,61.4309,15.6262
2018-08-08,2018-08-08 17:11:17,61.428,15.6193
2018-08-08,2018-08-08 17:11:23,61.3826,15.6383
2018-08-08,2018-08-08 17:11:23,61.3832,15.6439
2018-08-08,2018-08-08 17:11:23,61.384,15.6336
2018-08-08,2018-08-08 17:11:37,61.3361,15.6671
2018-08-08,2018-08-08 17:11:37,61.3816,15.5667
2018-08-08,2018-08-08 17:11:37,61.3368,15.6633
2018-08-08,2018-08-08 17:11:43,60.8585,15.9004
2018-08-08,2018-08-08 17:11:43,60.871,15.9491
2018-08-08,2018-08-08 17:11:43,60.875,15.8238
2018-08-08,2018-08-08 17:11:43,61.4315,15.6279
2018-08-08,2018-08-08 17:11:43,61.431,15.6303
2018-08-08,2018-08-08 17:11:43,61.4317,15.6285
2018-08-08,2018-08-08 17:11:49,61.4257,15.5381
2018-08-08,2018-08-08 17:11:49,61.3654,15.6671
2018-08-08,2018-08-08 17:11:49,61.3647,15.6685
2018-08-08,2018-08-08 17:11:49,61.3649,15.67
2018-08-08,2018-08-08 17:11:50,61.3713,15.695
2018-08-08,2018-08-08 17:11:59,60.8401,15.831
2018-08-08,2018-08-08 17:12:01,60.0487,4.9683
2018-08-08,2018-08-08 17:12:01,60.0353,4.9781
2018-08-08,2018-08-08 17:12:01,60.042,4.9933
2018-08-08,2018-08-08 17:12:03,60.854,15.924
2018-08-08,2018-08-08 17:12:03,60.8788,15.8659
2018-08-08,2018-08-08 17:12:04,61.1768,15.7279
2018-08-08,2018-08-08 17:12:05,61.2273,15.7431
2018-08-08,2018-08-08 17:12:05,61.2254,15.7486
2018-08-08,2018-08-08 17:12:07,61.4233,15.6093
2018-08-08,2018-08-08 17:12:08,60.3817,15.4701
2018-08-08,2018-08-08 17:12:10,61.186,15.7681
2018-08-08,2018-08-08 17:12:11,61.4368,15.6654
2018-08-08,2018-08-08 17:12:12,60.8093,15.9902
2018-08-08,2018-08-08 17:12:12,60.809,15.9879
2018-08-08,2018-08-08 17:12:25,61.1067,16.0792
2018-08-08,2018-08-08 17:12:25,61.1127,16.0691
2018-08-08,2018-08-08 17:12:25,61.1132,16.076
2018-08-08,2018-08-08 17:12:26,60.9095,15.9189
2018-08-08,2018-08-08 17:12:27,61.8522,15.0807
2018-08-08,2018-08-08 17:12:34,60.8688,15.8803
2018-08-08,2018-08-08 17:12:34,60.9018,15.6295
2018-08-08,2018-08-08 17:12:34,60.8563,15.84
2018-08-08,2018-08-08 17:12:34,60.8562,15.8316
2018-08-08,2018-08-08 17:12:34,60.8635,15.8855
2018-08-08,2018-08-08 17:12:36,61.4371,15.6653
2018-08-08,2018-08-08 17:12:36,61.4175,15.6734
2018-08-08,2018-08-08 17:12:36,61.4369,15.6679
2018-08-08,2018-08-08 17:12:37,60.906,16.0256
2018-08-08,2018-08-08 17:12:40,60.9873,15.9933
2018-08-08,2018-08-08 17:12:41,61.441,15.7027
2018-08-08,2018-08-08 17:12:41,61.3316,15.6283
2018-08-08,2018-08-08 17:12:41,61.33,15.6317
2018-08-08,2018-08-08 17:12:41,61.2644,15.6531
2018-08-08,2018-08-08 17:12:41,61.3311,15.6348
2018-08-08,2018-08-08 17:12:54,61.2784,15.7231
2018-08-08,2018-08-08 17:12:55,61.3724,15.6824
2018-08-08,2018-08-08 17:12:58,61.8851,15.0373
2018-08-08,2018-08-08 17:13:08,61.3103,15.6534
2018-08-08,2018-08-08 17:13:09,61.2285,15.6978
2018-08-08,2018-08-08 17:13:09,61.2221,15.6653
2018-08-08,2018-08-08 17:13:09,61.2591,15.7241
2018-08-08,2018-08-08 17:13:17,61.2861,15.656
2018-08-08,2018-08-08 17:13:20,60.7893,15.8923
2018-08-08,2018-08-08 17:13:20,60.7978,15.9242
2018-08-08,2018-08-08 17:13:20,60.8075,15.916
2018-08-08,2018-08-08 17:13:23,60.8702,15.944
2018-08-08,2018-08-08 17:13:23,60.8692,15.9436
2018-08-08,2018-08-08 17:13:25,61.4104,15.7005
2018-08-08,2018-08-08 17:13:25,61.4164,15.7136
2018-08-08,2018-08-08 17:13:29,61.4191,15.6189
2018-08-08,2018-08-08 17:13:30,60.3627,15.5698
2018-08-08,2018-08-08 17:13:30,60.9507,15.9935
2018-08-08,2018-08-08 17:13:33,60.8704,15.924
2018-08-08,2018-08-08 17:13:35,60.7655,15.9366
2018-08-08,2018-08-08 17:13:35,60.9173,16.0004
2018-08-08,2018-08-08 17:13:35,60.904,15.8811
2018-08-08,2018-08-08 17:13:36,60.8553,15.8643
2018-08-08,2018-08-08 17:13:41,60.8983,15.9457
2018-08-08,2018-08-08 17:13:45,61.0462,16.121
2018-08-08,2018-08-08 17:13:46,60.8234,16.089
2018-08-08,2018-08-08 17:13:46,60.8407,16.0637
2018-08-08,2018-08-08 17:13:49,61.3128,15.6711
2018-08-08,2018-08-08 17:13:49,61.3179,15.6431
2018-08-08,2018-08-08 17:13:53,61.4146,15.7157
2018-08-08,2018-08-08 17:13:53,61.4212,15.707
2018-08-08,2018-08-08 17:13:53,61.4347,15.6866
2018-08-08,2018-08-08 17:13:59,61.4411,15.6749
2018-08-08,2018-08-08 17:14:05,60.8451,15.9006
2018-08-08,2018-08-08 17:14:14,61.3085,15.6755
2018-08-08,2018-08-08 17:14:20,60.8976,15.9723
2018-08-08,2018-08-08 17:14:20,60.8194,15.9678
2018-08-08,2018-08-08 17:14:20,60.9009,15.9403
2018-08-08,2018-08-08 17:14:20,60.8311,15.8008
2018-08-08,2018-08-08 17:14:20,60.8842,15.8856
2018-08-08,2018-08-08 17:14:20,60.9022,15.9676
2018-08-08,2018-08-08 17:14:20,60.9007,15.9805
2018-08-08,2018-08-08 17:14:21,60.8264,15.9318
2018-08-08,2018-08-08 17:14:26,61.4303,15.6787
2018-08-08,2018-08-08 17:14:26,61.4377,15.6857
2018-08-08,2018-08-08 17:14:30,60.7843,16.0241
2018-08-08,2018-08-08 17:14:34,61.3885,15.7445
2018-08-08,2018-08-08 17:14:43,61.287,15.7274
2018-08-08,2018-08-08 17:14:45,61.3171,15.6506
2018-08-08,2018-08-08 17:14:48,61.4804,15.7296
2018-08-08,2018-08-08 17:14:52,60.896,15.9235
2018-08-08,2018-08-08 17:14:57,61.1435,16.1211
2018-08-08,2018-08-08 17:14:59,61.4614,15.6988
2018-08-08,2018-08-08 17:15:02,61.0197,16.0425
2018-08-08,2018-08-08 17:15:03,61.3964,15.6697
2018-08-08,2018-08-08 17:15:07,60.8016,15.9589
2018-08-08,2018-08-08 17:15:07,60.8067,15.8807
2018-08-08,2018-08-08 17:15:07,60.835,15.942
2018-08-08,2018-08-08 17:15:07,60.811,15.945
2018-08-08,2018-08-08 17:15:08,60.8226,15.9597
2018-08-08,2018-08-08 17:15:08,60.8135,15.9338
2018-08-08,2018-08-08 17:15:08,60.8132,15.8656
2018-08-08,2018-08-08 17:15:08,60.8208,15.9323
2018-08-08,2018-08-08 17:15:08,60.7898,16.0149
2018-08-08,2018-08-08 17:15:08,60.829,15.9201
2018-08-08,2018-08-08 17:15:08,60.8198,15.9442
2018-08-08,2018-08-08 17:15:08,60.8119,15.8708
2018-08-08,2018-08-08 17:15:10,61.3241,15.692
2018-08-08,2018-08-08 17:15:11,61.3244,15.6892
2018-08-08,2018-08-08 17:15:20,61.2057,15.812
2018-08-08,2018-08-08 17:15:20,61.4243,15.6562
2018-08-08,2018-08-08 17:15:20,61.4381,15.7441
2018-08-08,2018-08-08 17:15:22,61.486,15.7385
2018-08-08,2018-08-08 17:15:25,60.8615,15.8674
2018-08-08,2018-08-08 17:15:25,60.8639,15.8721
2018-08-08,2018-08-08 17:15:25,60.8501,15.771
2018-08-08,2018-08-08 17:15:25,60.874,15.8461
2018-08-08,2018-08-08 17:15:25,60.863,15.8747
2018-08-08,2018-08-08 17:15:26,61.2869,15.78
2018-08-08,2018-08-08 17:15:34,60.8743,15.7745
2018-08-08,2018-08-08 17:15:35,58.5063,13.7479
2018-08-08,2018-08-08 17:15:35,58.4986,13.7258
2018-08-08,2018-08-08 17:15:39,61.3936,15.7455
2018-08-08,2018-08-08 17:15:39,61.3945,15.7431
2018-08-08,2018-08-08 17:15:45,61.4698,15.7138
2018-08-08,2018-08-08 17:15:55,61.3437,15.5249
2018-08-08,2018-08-08 17:16:02,61.4626,15.6634
2018-08-08,2018-08-08 17:16:05,61.3356,15.712
2018-08-08,2018-08-08 17:16:05,61.3342,15.7063
2018-08-08,2018-08-08 17:16:05,61.3354,15.7409
2018-08-08,2018-08-08 17:16:05,61.3333,15.722
2018-08-08,2018-08-08 17:16:05,61.337,15.732
2018-08-08,2018-08-08 17:16:11,61.9638,15.1363
2018-08-08,2018-08-08 17:16:12,61.508,15.7248
2018-08-08,2018-08-08 17:16:12,61.442,15.756
2018-08-08,2018-08-08 17:16:12,61.5105,15.7529
2018-08-08,2018-08-08 17:16:15,61.153,16.0742
2018-08-08,2018-08-08 17:16:16,61.2796,15.7334
2018-08-08,2018-08-08 17:16:18,61.4568,15.7133
2018-08-08,2018-08-08 17:16:22,61.3634,15.7153
2018-08-08,2018-08-08 17:16:26,61.479,15.7206
2018-08-08,2018-08-08 17:16:27,61.4812,15.7165
2018-08-08,2018-08-08 17:16:27,61.4807,15.7172
2018-08-08,2018-08-08 17:16:30,61.3997,15.5727
2018-08-08,2018-08-08 17:16:31,61.3376,15.6898
2018-08-08,2018-08-08 17:16:31,61.3338,15.6853
2018-08-08,2018-08-08 17:16:31,61.3363,15.6949
2018-08-08,2018-08-08 17:16:32,61.3389,15.6834
2018-08-08,2018-08-08 17:16:32,61.3441,15.6766
2018-08-08,2018-08-08 17:16:32,61.3713,15.8649
2018-08-08,2018-08-08 17:16:32,61.3419,15.6837
2018-08-08,2018-08-08 17:16:32,61.3407,15.6851
2018-08-08,2018-08-08 17:16:43,58.514,13.7306
2018-08-08,2018-08-08 17:16:44,61.4831,15.723
2018-08-08,2018-08-08 17:16:50,61.3826,15.6027
2018-08-08,2018-08-08 17:16:53,61.2206,15.8606
2018-08-08,2018-08-08 17:16:53,61.2314,15.863
2018-08-08,2018-08-08 17:16:55,61.8983,15.1146
2018-08-08,2018-08-08 17:16:59,61.4507,15.7279
2018-08-08,2018-08-08 17:16:59,61.5124,15.6769
2018-08-08,2018-08-08 17:16:59,61.4946,15.7389
2018-08-08,2018-08-08 17:16:59,61.4331,15.6698
2018-08-08,2018-08-08 17:16:59,61.4508,15.7197
2018-08-08,2018-08-08 17:16:59,61.45,15.7198
2018-08-08,2018-08-08 17:16:59,61.4958,15.7516
2018-08-08,2018-08-08 17:17:00,60.8221,16.022
2018-08-08,2018-08-08 17:17:02,60.8816,15.867
2018-08-08,2018-08-08 17:17:13,61.2724,15.7189
2018-08-08,2018-08-08 17:17:15,61.4934,15.7462
2018-08-08,2018-08-08 17:17:15,61.4933,15.7399
2018-08-08,2018-08-08 17:17:15,61.4966,15.7378
2018-08-08,2018-08-08 17:17:20,60.8921,15.9825
2018-08-08,2018-08-08 17:17:20,60.8877,15.9971
2018-08-08,2018-08-08 17:17:20,60.8884,15.9917
2018-08-08,2018-08-08 17:17:21,61.3468,15.6093
2018-08-08,2018-08-08 17:17:23,61.3311,15.7548
2018-08-08,2018-08-08 17:17:24,61.3295,15.7411
2018-08-08,2018-08-08 17:17:24,61.3306,15.7511
2018-08-08,2018-08-08 17:17:24,61.3279,15.7366
2018-08-08,2018-08-08 17:17:24,61.3344,15.7618
2018-08-08,2018-08-08 17:17:24,61.3296,15.7365
2018-08-08,2018-08-08 17:17:28,60.9019,15.899
2018-08-08,2018-08-08 17:17:30,61.4564,15.7224
2018-08-08,2018-08-08 17:17:30,61.4605,15.7516
2018-08-08,2018-08-08 17:17:31,61.4577,15.7252
2018-08-08,2018-08-08 17:17:41,61.4942,15.75
2018-08-08,2018-08-08 17:17:48,61.0877,16.1116
2018-08-08,2018-08-08 17:17:48,60.9074,15.9392
2018-08-08,2018-08-08 17:17:49,60.9233,15.9682
2018-08-08,2018-08-08 17:17:49,60.9204,15.894
2018-08-08,2018-08-08 17:17:49,61.4908,15.728
2018-08-08,2018-08-08 17:17:50,61.0445,15.9314
2018-08-08,2018-08-08 17:17:51,61.1628,16.1137
2018-08-08,2018-08-08 17:17:51,61.1605,16.1125
2018-08-08,2018-08-08 17:17:54,61.3764,15.7044
2018-08-08,2018-08-08 17:18:03,61.2814,15.8081
2018-08-08,2018-08-08 17:18:05,61.4206,15.7184
2018-08-08,2018-08-08 17:18:06,60.9272,16.0493
2018-08-08,2018-08-08 17:18:07,60.9556,16.0731
2018-08-08,2018-08-08 17:18:07,60.9424,16.0457
2018-08-08,2018-08-08 17:18:10,61.4066,15.7454
2018-08-08,2018-08-08 17:18:10,61.4143,15.7235
2018-08-08,2018-08-08 17:18:10,61.4077,15.7478
2018-08-08,2018-08-08 17:18:12,61.3159,15.7303
2018-08-08,2018-08-08 17:18:14,61.5041,15.7588
2018-08-08,2018-08-08 17:18:17,61.9491,14.9536
2018-08-08,2018-08-08 17:18:20,61.4952,15.6315
2018-08-08,2018-08-08 17:18:20,61.2944,15.761
2018-08-08,2018-08-08 17:18:20,61.2982,15.7699
2018-08-08,2018-08-08 17:18:20,61.5152,15.601
2018-08-08,2018-08-08 17:18:21,61.4584,15.7764
2018-08-08,2018-08-08 17:18:21,61.4714,15.7309
2018-08-08,2018-08-08 17:18:28,60.9198,15.9074
2018-08-08,2018-08-08 17:18:30,61.537,15.6243
2018-08-08,2018-08-08 17:18:46,61.5057,15.7624
2018-08-08,2018-08-08 17:18:46,61.5018,15.7675
2018-08-08,2018-08-08 17:18:47,61.5021,15.7625
2018-08-08,2018-08-08 17:19:05,61.4819,15.7441
2018-08-08,2018-08-08 17:19:05,61.4891,15.7609
2018-08-08,2018-08-08 17:19:10,61.3483,15.7799
2018-08-08,2018-08-08 17:19:19,61.4226,15.7731
2018-08-08,2018-08-08 17:19:19,61.4242,15.7509
2018-08-08,2018-08-08 17:19:23,61.107,16.1937
2018-08-08,2018-08-08 17:19:24,61.0899,16.1523
2018-08-08,2018-08-08 17:19:36,61.9426,15.0434
2018-08-08,2018-08-08 17:19:36,61.9333,15.1247
2018-08-08,2018-08-08 17:19:36,61.9228,15.1212
2018-08-08,2018-08-08 17:19:36,61.9771,15.1684
2018-08-08,2018-08-08 17:19:43,61.5384,15.7706
2018-08-08,2018-08-08 17:19:43,61.5504,15.7753
2018-08-08,2018-08-08 17:19:43,61.6873,15.6093
2018-08-08,2018-08-08 17:19:50,61.0209,16.0669
2018-08-08,2018-08-08 17:19:50,61.0243,16.1668
2018-08-08,2018-08-08 17:19:50,60.9811,16.0582
2018-08-08,2018-08-08 17:19:59,61.3714,15.7035
2018-08-08,2018-08-08 17:20:00,61.1739,16.1899
2018-08-08,2018-08-08 17:20:00,61.1771,16.1856
2018-08-08,2018-08-08 17:20:01,61.3555,15.8195
2018-08-08,2018-08-08 17:20:11,61.3918,15.7475
2018-08-08,2018-08-08 17:20:11,61.3961,15.767
2018-08-08,2018-08-08 17:20:11,61.3898,15.748
2018-08-08,2018-08-08 17:20:11,61.3899,15.7384
2018-08-08,2018-08-08 17:20:11,61.3944,15.7668
2018-08-08,2018-08-08 17:20:12,61.3966,15.767
2018-08-08,2018-08-08 17:20:16,66.6425,12.9936
2018-08-08,2018-08-08 17:20:30,61.4614,15.8086
2018-08-08,2018-08-08 17:20:35,61.4994,15.6723
2018-08-08,2018-08-08 17:20:38,61.9421,15.2177
2018-08-08,2018-08-08 17:20:41,60.9647,16.0455
2018-08-08,2018-08-08 17:20:41,61.0594,15.9769
2018-08-08,2018-08-08 17:20:42,60.9651,16.0361
2018-08-08,2018-08-08 17:20:42,60.9915,16.0265
2018-08-08,2018-08-08 17:20:42,60.9648,16.0667
2018-08-08,2018-08-08 17:20:42,60.9621,16.039
2018-08-08,2018-08-08 17:20:42,60.9191,15.9957
2018-08-08,2018-08-08 17:20:42,60.9794,16.1669
2018-08-08,2018-08-08 17:20:42,60.9556,15.9793
2018-08-08,2018-08-08 17:20:42,60.9636,16.0668
2018-08-08,2018-08-08 17:20:44,61.1267,16.3276
2018-08-08,2018-08-08 17:20:55,61.4253,15.8149
2018-08-08,2018-08-08 17:20:55,61.4218,15.8058
2018-08-08,2018-08-08 17:20:55,61.4305,15.8393
2018-08-08,2018-08-08 17:20:56,61.4218,15.804
2018-08-08,2018-08-08 17:20:56,61.4246,15.8154
2018-08-08,2018-08-08 17:20:56,61.4256,15.8312
2018-08-08,2018-08-08 17:21:10,61.4659,15.6209
2018-08-08,2018-08-08 17:21:19,61.3666,15.7397
2018-08-08,2018-08-08 17:21:19,61.5489,15.7488
2018-08-08,2018-08-08 17:21:19,61.5404,15.8152
2018-08-08,2018-08-08 17:21:23,60.8275,16.0282
2018-08-08,2018-08-08 17:21:23,61.3706,15.8221
2018-08-08,2018-08-08 17:21:24,60.7162,16.5478
2018-08-08,2018-08-08 17:21:24,61.4266,15.8293
2018-08-08,2018-08-08 17:21:32,61.0503,16.0313
2018-08-08,2018-08-08 17:21:32,61.0391,16.0739
2018-08-08,2018-08-08 17:21:33,61.0388,16.0566
2018-08-08,2018-08-08 17:21:35,61.5343,15.7023
2018-08-08,2018-08-08 17:21:35,61.5528,15.6804
2018-08-08,2018-08-08 17:21:41,61.3412,16.0072
2018-08-08,2018-08-08 17:21:41,61.4719,15.7503
2018-08-08,2018-08-08 17:21:41,61.5597,15.8152
2018-08-08,2018-08-08 17:21:41,61.4922,15.9601
2018-08-08,2018-08-08 17:21:41,61.5307,15.8023
2018-08-08,2018-08-08 17:21:41,61.5585,15.7912
2018-08-08,2018-08-08 17:21:41,61.5602,15.8019
2018-08-08,2018-08-08 17:21:52,61.5417,15.8228
2018-08-08,2018-08-08 17:21:53,60.8675,16.1858
2018-08-08,2018-08-08 17:21:53,60.9103,16.14
2018-08-08,2018-08-08 17:21:53,60.9787,16.1389
2018-08-08,2018-08-08 17:21:55,61.3125,15.7931
2018-08-08,2018-08-08 17:21:59,61.5377,15.7637
2018-08-08,2018-08-08 17:22:13,61.028,16.0626
2018-08-08,2018-08-08 17:22:13,61.0191,16.0908
2018-08-08,2018-08-08 17:22:13,61.0135,16.0682
2018-08-08,2018-08-08 17:22:13,61.0263,16.1102
2018-08-08,2018-08-08 17:22:13,61.0228,16.1102
2018-08-08,2018-08-08 17:22:14,61.5614,15.8196
2018-08-08,2018-08-08 17:22:14,61.0194,16.1005
2018-08-08,2018-08-08 17:22:14,61.0389,16.0433
2018-08-08,2018-08-08 17:22:14,61.5638,15.8351
2018-08-08,2018-08-08 17:22:14,61.004,15.9618
2018-08-08,2018-08-08 17:22:14,61.0201,16.1011
2018-08-08,2018-08-08 17:22:14,61.0162,16.0728
2018-08-08,2018-08-08 17:22:14,61.018,16.0888
2018-08-08,2018-08-08 17:22:14,61.0845,16.1988
2018-08-08,2018-08-08 17:22:17,61.3931,15.8606
2018-08-08,2018-08-08 17:22:17,61.3881,15.8385
2018-08-08,2018-08-08 17:22:18,61.9664,15.1305
2018-08-08,2018-08-08 17:22:18,61.3922,15.8455
2018-08-08,2018-08-08 17:22:18,61.3933,15.8636
2018-08-08,2018-08-08 17:22:18,61.9751,15.1256
2018-08-08,2018-08-08 17:22:18,61.9679,15.1497
2018-08-08,2018-08-08 17:22:18,61.3921,15.8714
2018-08-08,2018-08-08 17:22:19,58.2988,13.7455
2018-08-08,2018-08-08 17:22:29,61.5586,15.8196
2018-08-08,2018-08-08 17:22:33,61.4164,15.8237
2018-08-08,2018-08-08 17:22:33,61.4174,15.8088
2018-08-08,2018-08-08 17:22:33,61.4162,15.8011
2018-08-08,2018-08-08 17:22:33,61.4164,15.8038
2018-08-08,2018-08-08 17:22:33,61.4141,15.792
2018-08-08,2018-08-08 17:22:33,61.499,15.6948
2018-08-08,2018-08-08 17:22:34,61.3238,15.7755
2018-08-08,2018-08-08 17:22:35,60.9915,16.0768
2018-08-08,2018-08-08 17:22:40,66.6658,13.0132
2018-08-08,2018-08-08 17:22:40,61.5407,15.7603
2018-08-08,2018-08-08 17:22:40,61.546,15.7573
2018-08-08,2018-08-08 17:22:48,61.4642,15.8267
2018-08-08,2018-08-08 17:22:48,61.4607,15.8762
2018-08-08,2018-08-08 17:22:49,61.5533,15.7598
2018-08-08,2018-08-08 17:22:51,61.0026,16.0637
2018-08-08,2018-08-08 17:22:51,61.0013,16.0621
2018-08-08,2018-08-08 17:22:51,60.9972,16.0622
2018-08-08,2018-08-08 17:22:51,60.9972,16.0685
2018-08-08,2018-08-08 17:22:51,60.9966,16.0652
2018-08-08,2018-08-08 17:22:56,61.4125,15.8487
2018-08-08,2018-08-08 17:23:11,61.3965,16.1755
2018-08-08,2018-08-08 17:23:11,61.3955,15.7785
2018-08-08,2018-08-08 17:23:24,61.0195,16.0681
2018-08-08,2018-08-08 17:23:27,61.3883,15.8267
2018-08-08,2018-08-08 17:23:30,61.4316,15.8249
2018-08-08,2018-08-08 17:23:30,61.4344,15.8432
2018-08-08,2018-08-08 17:23:30,61.4593,15.8319
2018-08-08,2018-08-08 17:23:30,61.4595,15.8312
2018-08-08,2018-08-08 17:23:30,61.434,15.8205
2018-08-08,2018-08-08 17:23:30,61.4613,15.8574
2018-08-08,2018-08-08 17:23:30,61.4318,15.8196
2018-08-08,2018-08-08 17:23:36,61.3886,15.8533
2018-08-08,2018-08-08 17:23:40,61.3801,15.8542
2018-08-08,2018-08-08 17:23:47,61.5512,15.7782
2018-08-08,2018-08-08 17:23:47,61.552,15.8116
2018-08-08,2018-08-08 17:23:47,61.5669,15.7309
2018-08-08,2018-08-08 17:23:47,61.5528,15.817
2018-08-08,2018-08-08 17:23:47,61.5501,15.7986
2018-08-08,2018-08-08 17:23:47,61.5758,15.7753
2018-08-08,2018-08-08 17:23:47,61.4992,15.4061
2018-08-08,2018-08-08 17:23:48,61.5752,15.6755
2018-08-08,2018-08-08 17:23:48,61.5511,15.7945
2018-08-08,2018-08-08 17:23:51,61.2815,15.9331
2018-08-08,2018-08-08 17:23:51,61.281,15.9353
2018-08-08,2018-08-08 17:23:51,61.2811,15.9339
2018-08-08,2018-08-08 17:23:52,61.3833,15.8849
2018-08-08,2018-08-08 17:23:57,61.0975,15.8957
2018-08-08,2018-08-08 17:23:59,61.4225,15.8185
2018-08-08,2018-08-08 17:23:59,61.3921,15.8666
2018-08-08,2018-08-08 17:23:59,61.5335,15.8614
2018-08-08,2018-08-08 17:24:02,61.4093,15.9314
2018-08-08,2018-08-08 17:24:03,61.3522,15.7893
2018-08-08,2018-08-08 17:24:03,61.3296,15.8188
2018-08-08,2018-08-08 17:24:04,61.5578,15.8038
2018-08-08,2018-08-08 17:24:05,61.4462,15.8627
2018-08-08,2018-08-08 17:24:08,61.0092,16.0908
2018-08-08,2018-08-08 17:24:18,61.3521,15.6824
2018-08-08,2018-08-08 17:24:23,61.4704,15.8248
2018-08-08,2018-08-08 17:24:23,61.4715,15.8567
2018-08-08,2018-08-08 17:24:23,61.4784,15.859
2018-08-08,2018-08-08 17:24:23,61.4689,15.8736
2018-08-08,2018-08-08 17:24:23,61.4692,15.8386
2018-08-08,2018-08-08 17:24:23,61.4736,15.8433
2018-08-08,2018-08-08 17:24:24,61.0366,16.1115
2018-08-08,2018-08-08 17:24:24,61.0324,16.0733
2018-08-08,2018-08-08 17:24:25,61.0375,16.1064
2018-08-08,2018-08-08 17:24:25,61.0429,16.1341
2018-08-08,2018-08-08 17:24:33,61.5505,15.8493
2018-08-08,2018-08-08 17:24:38,61.0342,16.2478
2018-08-08,2018-08-08 17:24:50,58.5798,13.746
2018-08-08,2018-08-08 17:24:50,58.5942,13.7453
2018-08-08,2018-08-08 17:24:50,58.6273,13.7838
2018-08-08,2018-08-08 17:24:50,58.4201,13.7945
2018-08-08,2018-08-08 17:24:53,61.3444,15.868
2018-08-08,2018-08-08 17:24:54,61.0553,16.1183
2018-08-08,2018-08-08 17:24:54,61.1559,16.257
2018-08-08,2018-08-08 17:24:54,61.1021,16.0013
2018-08-08,2018-08-08 17:24:54,61.0604,16.1534
2018-08-08,2018-08-08 17:24:54,61.0678,16.1138
2018-08-08,2018-08-08 17:24:55,61.0782,16.0984
2018-08-08,2018-08-08 17:24:59,61.5646,15.8461
2018-08-08,2018-08-08 17:24:59,61.6284,15.7785
2018-08-08,2018-08-08 17:25:01,61.4744,15.8345
2018-08-08,2018-08-08 17:25:01,61.5025,15.7258
2018-08-08,2018-08-08 17:25:01,61.475,15.8194
2018-08-08,2018-08-08 17:25:01,61.475,15.8189
2018-08-08,2018-08-08 17:25:01,61.4759,15.8171
2018-08-08,2018-08-08 17:25:01,61.4773,15.8205
2018-08-08,2018-08-08 17:25:01,61.4788,15.8434
2018-08-08,2018-08-08 17:25:01,61.481,15.8448
2018-08-08,2018-08-08 17:25:02,61.477,15.8292
2018-08-08,2018-08-08 17:25:02,61.4779,15.8256
2018-08-08,2018-08-08 17:25:02,61.4786,15.8266
2018-08-08,2018-08-08 17:25:10,61.5566,15.8288
2018-08-08,2018-08-08 17:25:10,61.6197,15.7789
2018-08-08,2018-08-08 17:25:10,61.5872,15.8565
2018-08-08,2018-08-08 17:25:11,61.326,15.823
2018-08-08,2018-08-08 17:25:11,61.3314,15.8411
2018-08-08,2018-08-08 17:25:12,61.3469,15.8191
2018-08-08,2018-08-08 17:25:12,61.0278,16.109
2018-08-08,2018-08-08 17:25:13,61.0408,16.0565
2018-08-08,2018-08-08 17:25:16,61.9641,15.2473
2018-08-08,2018-08-08 17:25:22,66.683,13.037
2018-08-08,2018-08-08 17:25:27,61.4448,15.8588
2018-08-08,2018-08-08 17:25:30,61.4638,15.8229
2018-08-08,2018-08-08 17:25:38,61.572,15.799
2018-08-08,2018-08-08 17:25:51,61.5668,15.8367
2018-08-08,2018-08-08 17:25:51,61.5997,15.8435
2018-08-08,2018-08-08 17:25:51,61.6001,15.8459
2018-08-08,2018-08-08 17:25:51,61.5968,15.8216
2018-08-08,2018-08-08 17:25:51,61.5683,15.9017
2018-08-08,2018-08-08 17:25:51,61.5869,15.8286
2018-08-08,2018-08-08 17:25:51,61.5976,15.8174
2018-08-08,2018-08-08 17:25:53,61.0126,16.0825
2018-08-08,2018-08-08 17:25:57,61.3605,15.6049
2018-08-08,2018-08-08 17:25:58,61.3856,15.895
2018-08-08,2018-08-08 17:26:10,61.157,16.2699
2018-08-08,2018-08-08 17:26:10,61.1621,16.2973
2018-08-08,2018-08-08 17:26:25,61.4872,15.8933
2018-08-08,2018-08-08 17:26:25,61.489,15.8844
2018-08-08,2018-08-08 17:26:25,61.4897,15.8496
2018-08-08,2018-08-08 17:26:25,61.4932,15.8039
2018-08-08,2018-08-08 17:26:28,61.4479,15.883
2018-08-08,2018-08-08 17:26:32,61.579,15.8423
2018-08-08,2018-08-08 17:26:32,61.5667,15.8207
2018-08-08,2018-08-08 17:26:32,61.5794,15.8685
2018-08-08,2018-08-08 17:26:32,61.5763,15.838
2018-08-08,2018-08-08 17:26:32,61.6258,15.7763
2018-08-08,2018-08-08 17:26:32,61.553,15.8705
2018-08-08,2018-08-08 17:26:32,61.5913,15.7854
2018-08-08,2018-08-08 17:26:36,61.0491,16.106
2018-08-08,2018-08-08 17:26:36,61.0233,16.0881
2018-08-08,2018-08-08 17:26:37,61.4565,15.8643
2018-08-08,2018-08-08 17:26:37,60.9772,16.0124
2018-08-08,2018-08-08 17:26:39,61.402,15.8786
2018-08-08,2018-08-08 17:26:39,61.3963,15.881
2018-08-08,2018-08-08 17:26:39,61.3978,15.8971
2018-08-08,2018-08-08 17:26:43,61.1349,16.2014
2018-08-08,2018-08-08 17:26:48,61.6055,15.8274
2018-08-08,2018-08-08 17:26:51,61.5812,15.8259
2018-08-08,2018-08-08 17:27:02,61.0654,16.242
2018-08-08,2018-08-08 17:27:06,61.5981,15.8344
2018-08-08,2018-08-08 17:27:20,61.59,15.8102
2018-08-08,2018-08-08 17:27:20,61.5874,15.9104
2018-08-08,2018-08-08 17:27:20,61.5869,15.9119
2018-08-08,2018-08-08 17:27:20,61.6498,15.8368
2018-08-08,2018-08-08 17:27:20,61.5912,15.9353
2018-08-08,2018-08-08 17:27:20,61.6271,15.8913
2018-08-08,2018-08-08 17:27:23,61.5959,15.8854
2018-08-08,2018-08-08 17:27:32,66.7064,13.0335
2018-08-08,2018-08-08 17:27:40,61.6171,15.8749
2018-08-08,2018-08-08 17:27:42,61.0263,16.1122
2018-08-08,2018-08-08 17:27:42,61.9912,15.2534
2018-08-08,2018-08-08 17:27:50,61.3227,15.9787
2018-08-08,2018-08-08 17:27:50,61.4932,15.8975
2018-08-08,2018-08-08 17:27:50,61.4977,15.9209
2018-08-08,2018-08-08 17:27:51,61.5055,15.9097
2018-08-08,2018-08-08 17:27:52,61.381,15.8968
2018-08-08,2018-08-08 17:28:05,61.406,15.8909
2018-08-08,2018-08-08 17:28:05,61.5173,15.903
2018-08-08,2018-08-08 17:28:06,61.4796,15.8698
2018-08-08,2018-08-08 17:28:12,61.4367,15.9049
2018-08-08,2018-08-08 17:28:12,61.4339,15.8705
2018-08-08,2018-08-08 17:28:14,61.6194,15.8858
2018-08-08,2018-08-08 17:28:14,61.6071,15.9047
2018-08-08,2018-08-08 17:28:16,61.3383,15.9102
2018-08-08,2018-08-08 17:28:16,61.3395,15.917
2018-08-08,2018-08-08 17:28:16,61.3426,15.945
2018-08-08,2018-08-08 17:28:25,61.5801,15.8143
2018-08-08,2018-08-08 17:28:25,61.4329,15.8383
2018-08-08,2018-08-08 17:28:32,61.5056,15.9106
2018-08-08,2018-08-08 17:28:34,61.2594,16.3422
2018-08-08,2018-08-08 17:28:34,61.2595,16.3042
2018-08-08,2018-08-08 17:28:35,61.591,15.8796
2018-08-08,2018-08-08 17:28:46,61.5958,15.869
2018-08-08,2018-08-08 17:28:46,61.6781,15.7753
2018-08-08,2018-08-08 17:28:46,61.6091,15.859
2018-08-08,2018-08-08 17:28:46,61.6101,15.7941
2018-08-08,2018-08-08 17:28:46,61.594,15.8802
2018-08-08,2018-08-08 17:28:46,61.6116,15.8836
2018-08-08,2018-08-08 17:28:46,61.5963,15.9008
2018-08-08,2018-08-08 17:28:46,61.6046,15.8566
2018-08-08,2018-08-08 17:28:54,61.3717,15.945
2018-08-08,2018-08-08 17:28:54,61.5331,15.8356
2018-08-08,2018-08-08 17:28:54,61.384,15.8766
2018-08-08,2018-08-08 17:28:56,61.4779,15.9187
2018-08-08,2018-08-08 17:29:04,61.4891,15.9104
2018-08-08,2018-08-08 17:29:10,61.3828,15.8966
2018-08-08,2018-08-08 17:29:12,61.6464,15.8125
2018-08-08,2018-08-08 17:29:12,61.4616,15.8928
2018-08-08,2018-08-08 17:29:12,61.622,15.876
2018-08-08,2018-08-08 17:29:12,61.4601,15.8912
2018-08-08,2018-08-08 17:29:12,61.6204,15.8817
2018-08-08,2018-08-08 17:29:13,61.6195,15.8778
2018-08-08,2018-08-08 17:29:13,61.6236,15.9037
2018-08-08,2018-08-08 17:29:21,61.401,15.9273
2018-08-08,2018-08-08 17:29:25,61.1666,16.2946
2018-08-08,2018-08-08 17:29:26,61.5174,15.9059
2018-08-08,2018-08-08 17:29:26,61.5104,15.9298
2018-08-08,2018-08-08 17:29:26,61.5114,15.9499
2018-08-08,2018-08-08 17:29:26,61.612,15.7788
2018-08-08,2018-08-08 17:29:26,61.512,15.9191
2018-08-08,2018-08-08 17:29:27,61.5064,15.9236
2018-08-08,2018-08-08 17:29:27,61.5877,15.8262
2018-08-08,2018-08-08 17:29:29,61.5631,15.9378
2018-08-08,2018-08-08 17:29:32,58.4547,13.8094
2018-08-08,2018-08-08 17:29:32,58.4536,13.8194
2018-08-08,2018-08-08 17:29:40,61.461,15.9624
2018-08-08,2018-08-08 17:29:40,61.4612,15.9569
2018-08-08,2018-08-08 17:29:49,61.9841,15.2073
2018-08-08,2018-08-08 17:29:49,62.0325,15.1912
2018-08-08,2018-08-08 17:29:49,62.0138,15.2787
2018-08-08,2018-08-08 17:29:49,61.3398,15.9983
2018-08-08,2018-08-08 17:29:49,61.3531,16.0266
2018-08-08,2018-08-08 17:29:49,62.0132,15.2601
2018-08-08,2018-08-08 17:29:49,62.0181,15.2691
2018-08-08,2018-08-08 17:29:51,63.8248,6.1996
2018-08-08,2018-08-08 17:29:53,61.5439,15.4152
2018-08-08,2018-08-08 17:29:53,61.4786,15.9018
2018-08-08,2018-08-08 17:29:54,61.4833,15.9022
2018-08-08,2018-08-08 17:29:57,61.4441,15.9639
2018-08-08,2018-08-08 17:30:01,61.6148,15.8491
2018-08-08,2018-08-08 17:30:05,61.4663,15.9002
2018-08-08,2018-08-08 17:30:05,61.4673,15.8892
2018-08-08,2018-08-08 17:30:05,61.4724,15.9213
2018-08-08,2018-08-08 17:30:05,61.4669,15.8838
2018-08-08,2018-08-08 17:30:09,61.622,15.8868
2018-08-08,2018-08-08 17:30:09,61.636,15.9264
2018-08-08,2018-08-08 17:30:09,61.6336,15.9027
2018-08-08,2018-08-08 17:30:09,61.6324,15.9058
2018-08-08,2018-08-08 17:30:10,58.3998,13.7772
2018-08-08,2018-08-08 17:30:14,61.6382,15.8875
2018-08-08,2018-08-08 17:30:21,61.3504,16.0184
2018-08-08,2018-08-08 17:30:21,61.4543,15.9506
2018-08-08,2018-08-08 17:30:24,61.0214,16.0299
2018-08-08,2018-08-08 17:30:46,61.6452,15.8738
2018-08-08,2018-08-08 17:30:48,61.4977,15.9407
2018-08-08,2018-08-08 17:30:48,61.4949,15.9556
2018-08-08,2018-08-08 17:30:48,61.5134,15.914
2018-08-08,2018-08-08 17:30:52,61.604,15.9524
2018-08-08,2018-08-08 17:30:53,61.1977,16.3894
2018-08-08,2018-08-08 17:30:53,61.1961,16.3766
2018-08-08,2018-08-08 17:31:02,61.1027,16.2545
2018-08-08,2018-08-08 17:31:11,61.4637,15.9632
2018-08-08,2018-08-08 17:31:11,61.4709,15.9549
2018-08-08,2018-08-08 17:31:11,61.4553,15.9065
2018-08-08,2018-08-08 17:31:14,61.6006,15.9982
2018-08-08,2018-08-08 17:31:14,61.6136,15.8867
2018-08-08,2018-08-08 17:31:14,61.6401,15.903
2018-08-08,2018-08-08 17:31:14,61.6004,15.9946
2018-08-08,2018-08-08 17:31:16,61.462,15.9392
2018-08-08,2018-08-08 17:31:17,61.167,16.2909
2018-08-08,2018-08-08 17:31:18,61.1603,16.2688
2018-08-08,2018-08-08 17:31:20,61.6453,15.9198
2018-08-08,2018-08-08 17:31:20,61.6405,15.8974
2018-08-08,2018-08-08 17:31:20,61.6427,15.9022
2018-08-08,2018-08-08 17:31:21,61.6441,15.9014
2018-08-08,2018-08-08 17:31:21,61.6408,15.8959
2018-08-08,2018-08-08 17:31:21,61.6466,15.9212
2018-08-08,2018-08-08 17:31:21,61.6616,15.7929
2018-08-08,2018-08-08 17:31:21,61.6463,15.9174
2018-08-08,2018-08-08 17:31:21,61.6438,15.9209
2018-08-08,2018-08-08 17:31:22,61.6059,15.9448
2018-08-08,2018-08-08 17:31:47,61.4606,15.7616
2018-08-08,2018-08-08 17:31:49,61.6411,15.9435
2018-08-08,2018-08-08 17:31:49,61.6436,15.9013
2018-08-08,2018-08-08 17:31:52,61.1108,16.0987
2018-08-08,2018-08-08 17:31:53,61.4882,15.8724
2018-08-08,2018-08-08 17:31:53,61.4613,15.9229
2018-08-08,2018-08-08 17:31:53,61.4683,15.8855
2018-08-08,2018-08-08 17:31:58,61.553,15.8655
2018-08-08,2018-08-08 17:31:58,61.5181,15.8956
2018-08-08,2018-08-08 17:32:01,61.3408,16.0247
2018-08-08,2018-08-08 17:32:03,61.4933,15.9374
2018-08-08,2018-08-08 17:32:03,61.4933,15.9375
2018-08-08,2018-08-08 17:32:03,62.0338,15.278
2018-08-08,2018-08-08 17:32:03,61.491,15.911
2018-08-08,2018-08-08 17:32:03,61.4843,15.8004
2018-08-08,2018-08-08 17:32:03,62.068,15.3196
2018-08-08,2018-08-08 17:32:19,61.6348,15.9692
2018-08-08,2018-08-08 17:32:20,61.6355,15.9691
2018-08-08,2018-08-08 17:32:20,61.6501,15.8543
2018-08-08,2018-08-08 17:32:20,61.6329,15.9432
2018-08-08,2018-08-08 17:32:20,61.6348,15.957
2018-08-08,2018-08-08 17:32:20,61.633,15.9446
2018-08-08,2018-08-08 17:32:20,61.6322,15.9441
2018-08-08,2018-08-08 17:32:21,61.3946,15.9618
2018-08-08,2018-08-08 17:32:21,61.39,15.9491
2018-08-08,2018-08-08 17:32:21,61.3928,15.95
2018-08-08,2018-08-08 17:32:21,61.4462,15.9203
2018-08-08,2018-08-08 17:32:26,61.7061,15.6858
2018-08-08,2018-08-08 17:32:28,60.9877,16.4391
2018-08-08,2018-08-08 17:32:28,60.9978,16.4222
2018-08-08,2018-08-08 17:32:35,61.4703,15.9631
2018-08-08,2018-08-08 17:32:40,61.5815,15.9432
2018-08-08,2018-08-08 17:32:41,61.6597,15.8517
2018-08-08,2018-08-08 17:32:41,61.5602,15.9818
2018-08-08,2018-08-08 17:32:43,61.3879,16.0791
2018-08-08,2018-08-08 17:32:44,61.6833,15.9883
2018-08-08,2018-08-08 17:32:58,61.6793,16.0666
2018-08-08,2018-08-08 17:33:12,61.1282,16.2895
2018-08-08,2018-08-08 17:33:15,61.4634,15.9928
2018-08-08,2018-08-08 17:33:15,61.4885,15.9411
2018-08-08,2018-08-08 17:33:17,61.5457,15.9849
2018-08-08,2018-08-08 17:33:17,61.5672,15.9587
2018-08-08,2018-08-08 17:33:18,61.6482,16.0118
2018-08-08,2018-08-08 17:33:18,61.6384,15.9658
2018-08-08,2018-08-08 17:33:18,61.6539,15.9415
2018-08-08,2018-08-08 17:33:22,61.6398,15.8148
2018-08-08,2018-08-08 17:33:31,61.5503,15.9575
2018-08-08,2018-08-08 17:33:40,61.5132,15.9346
2018-08-08,2018-08-08 17:33:48,61.5645,16.004
2018-08-08,2018-08-08 17:33:48,61.5622,15.9893
2018-08-08,2018-08-08 17:33:48,61.5486,15.9348
2018-08-08,2018-08-08 17:34:01,61.4395,15.9488
2018-08-08,2018-08-08 17:34:04,61.666,15.8567
2018-08-08,2018-08-08 17:34:04,61.6638,15.9314
2018-08-08,2018-08-08 17:34:04,61.661,15.9385
2018-08-08,2018-08-08 17:34:04,61.6501,15.9158
2018-08-08,2018-08-08 17:34:04,61.6471,15.9035
2018-08-08,2018-08-08 17:34:04,61.6491,15.9005
2018-08-08,2018-08-08 17:34:04,61.6509,16.1162
2018-08-08,2018-08-08 17:34:04,61.6624,15.9286
2018-08-08,2018-08-08 17:34:05,61.6772,15.8333
2018-08-08,2018-08-08 17:34:05,61.6729,15.891
2018-08-08,2018-08-08 17:34:05,61.669,15.9077
2018-08-08,2018-08-08 17:34:09,61.6395,15.9815
2018-08-08,2018-08-08 17:34:21,61.6865,15.6979
2018-08-08,2018-08-08 17:34:21,61.6564,15.9506
2018-08-08,2018-08-08 17:34:25,61.4826,15.8544
2018-08-08,2018-08-08 17:34:29,61.5449,15.945
2018-08-08,2018-08-08 17:34:38,58.6429,13.8216
2018-08-08,2018-08-08 17:34:38,58.6641,13.8318
2018-08-08,2018-08-08 17:34:38,58.6693,13.8274
2018-08-08,2018-08-08 17:34:43,61.4189,15.9432
2018-08-08,2018-08-08 17:34:45,61.6694,16.0393
2018-08-08,2018-08-08 17:34:51,61.6708,15.9621
2018-08-08,2018-08-08 17:34:51,61.6684,15.9516
2018-08-08,2018-08-08 17:34:51,61.6682,15.9408
2018-08-08,2018-08-08 17:34:51,61.6467,15.835
2018-08-08,2018-08-08 17:34:52,61.1581,16.3026
2018-08-08,2018-08-08 17:34:52,61.1192,16.2534
2018-08-08,2018-08-08 17:34:52,61.1292,16.2651
2018-08-08,2018-08-08 17:34:53,61.1452,16.287
2018-08-08,2018-08-08 17:34:53,61.1417,16.2585
2018-08-08,2018-08-08 17:34:53,61.1436,16.2859
2018-08-08,2018-08-08 17:34:57,61.4024,16.0769
2018-08-08,2018-08-08 17:34:57,61.4194,15.9084
2018-08-08,2018-08-08 17:34:57,58.5206,14.0952
2018-08-08,2018-08-08 17:34:59,61.5732,16.0122
2018-08-08,2018-08-08 17:34:59,61.587,16.0358
2018-08-08,2018-08-08 17:34:59,61.634,15.9396
2018-08-08,2018-08-08 17:34:59,61.6274,16.0894
2018-08-08,2018-08-08 17:34:59,61.6345,15.9462
2018-08-08,2018-08-08 17:35:00,61.5606,16.0308
2018-08-08,2018-08-08 17:35:12,61.6709,15.9522
2018-08-08,2018-08-08 17:35:12,61.6582,15.9714
2018-08-08,2018-08-08 17:35:12,61.6715,15.9609
2018-08-08,2018-08-08 17:35:12,61.6721,15.956
2018-08-08,2018-08-08 17:35:19,61.6213,16.0335
2018-08-08,2018-08-08 17:35:19,61.6412,15.8571
2018-08-08,2018-08-08 17:35:19,61.652,15.7472
2018-08-08,2018-08-08 17:35:19,61.6242,16.0265
2018-08-08,2018-08-08 17:35:19,61.6207,16.0291
2018-08-08,2018-08-08 17:35:19,61.6201,16.0394
2018-08-08,2018-08-08 17:35:19,61.612,16.0223
2018-08-08,2018-08-08 17:35:20,61.6293,15.9736
2018-08-08,2018-08-08 17:35:20,61.6178,16.0157
2018-08-08,2018-08-08 17:35:24,61.4379,16.0211
2018-08-08,2018-08-08 17:35:25,61.7157,16.0974
2018-08-08,2018-08-08 17:35:34,61.5063,15.8851
2018-08-08,2018-08-08 17:35:35,61.5445,16.0344
2018-08-08,2018-08-08 17:35:35,61.5705,15.9784
2018-08-08,2018-08-08 17:35:35,61.6057,15.9436
2018-08-08,2018-08-08 17:35:35,61.5474,16.0438
2018-08-08,2018-08-08 17:35:36,61.6776,16.0418
2018-08-08,2018-08-08 17:35:36,61.6607,15.9424
2018-08-08,2018-08-08 17:35:36,61.6862,15.9669
2018-08-08,2018-08-08 17:35:38,61.494,16.039
2018-08-08,2018-08-08 17:35:40,66.7663,13.397
2018-08-08,2018-08-08 17:35:47,58.5568,14.1365
2018-08-08,2018-08-08 17:35:47,58.5233,14.1221
2018-08-08,2018-08-08 17:35:51,61.656,15.9435
2018-08-08,2018-08-08 17:35:51,61.6427,15.9978
2018-08-08,2018-08-08 17:35:51,61.6666,16.0456
2018-08-08,2018-08-08 17:35:51,61.6518,16.0104
2018-08-08,2018-08-08 17:35:54,61.5783,16.0144
2018-08-08,2018-08-08 17:35:58,61.5556,15.8801
2018-08-08,2018-08-08 17:36:03,61.6946,15.9822
2018-08-08,2018-08-08 17:36:03,61.6866,15.9931
2018-08-08,2018-08-08 17:36:09,61.4276,16.0108
2018-08-08,2018-08-08 17:36:11,61.155,16.2981
2018-08-08,2018-08-08 17:36:16,61.691,16.0004
2018-08-08,2018-08-08 17:36:16,61.6857,15.9891
2018-08-08,2018-08-08 17:36:17,61.6864,16.014
2018-08-08,2018-08-08 17:36:17,61.7117,15.755
2018-08-08,2018-08-08 17:36:17,61.6835,15.9758
2018-08-08,2018-08-08 17:36:17,61.6884,15.9914
2018-08-08,2018-08-08 17:36:17,61.684,16.0096
2018-08-08,2018-08-08 17:36:24,61.5843,16.0428
2018-08-08,2018-08-08 17:36:38,61.7099,15.9705
2018-08-08,2018-08-08 17:36:38,61.6633,15.9514
2018-08-08,2018-08-08 17:36:38,61.668,15.9182
2018-08-08,2018-08-08 17:36:38,61.6664,15.9822
2018-08-08,2018-08-08 17:36:51,61.6803,15.9897
2018-08-08,2018-08-08 17:36:51,61.6853,15.9566
2018-08-08,2018-08-08 17:37:01,61.6643,15.9959
2018-08-08,2018-08-08 17:37:01,61.6644,16.0098
2018-08-08,2018-08-08 17:37:02,58.5235,14.0743
2018-08-08,2018-08-08 17:37:02,58.5407,14.073
2018-08-08,2018-08-08 17:37:02,58.5391,14.1032
2018-08-08,2018-08-08 17:37:06,61.5061,16.0404
2018-08-08,2018-08-08 17:37:06,61.5066,16.0534
2018-08-08,2018-08-08 17:37:06,61.5009,16.0255
2018-08-08,2018-08-08 17:37:07,61.6682,15.9598
2018-08-08,2018-08-08 17:37:07,61.6739,15.9906
2018-08-08,2018-08-08 17:37:07,61.6687,15.9677
2018-08-08,2018-08-08 17:37:15,61.443,16.0378
2018-08-08,2018-08-08 17:37:15,61.4995,16.0515
2018-08-08,2018-08-08 17:37:17,61.07,16.5105
2018-08-08,2018-08-08 17:37:18,61.6951,15.9703
2018-08-08,2018-08-08 17:37:18,61.0977,16.2644
2018-08-08,2018-08-08 17:37:18,61.1002,16.2601
2018-08-08,2018-08-08 17:37:18,61.1017,16.2874
2018-08-08,2018-08-08 17:37:18,61.0655,16.4986
2018-08-08,2018-08-08 17:37:29,61.5635,16.0569
2018-08-08,2018-08-08 17:37:30,61.6885,15.9678
2018-08-08,2018-08-08 17:37:30,61.6523,15.978
2018-08-08,2018-08-08 17:37:31,61.6919,16.0074
2018-08-08,2018-08-08 17:37:35,61.5439,15.9573
2018-08-08,2018-08-08 17:37:41,61.708,15.9753
2018-08-08,2018-08-08 17:37:41,61.497,15.9561
2018-08-08,2018-08-08 17:37:45,61.5488,16.0308
2018-08-08,2018-08-08 17:37:51,61.6317,16.0878
2018-08-08,2018-08-08 17:37:51,61.6297,16.0789
2018-08-08,2018-08-08 17:37:56,61.5051,16.0718
2018-08-08,2018-08-08 17:37:56,61.5012,16.0722
2018-08-08,2018-08-08 17:38:02,61.1792,16.3314
2018-08-08,2018-08-08 17:38:02,61.5137,16.0475
2018-08-08,2018-08-08 17:38:03,61.5169,16.067
2018-08-08,2018-08-08 17:38:09,61.5929,16.0518
2018-08-08,2018-08-08 17:38:09,61.5924,16.0648
2018-08-08,2018-08-08 17:38:09,61.5943,16.0096
2018-08-08,2018-08-08 17:38:15,61.5575,16.0467
2018-08-08,2018-08-08 17:38:24,61.5373,15.9619
2018-08-08,2018-08-08 17:38:29,61.7102,15.9574
2018-08-08,2018-08-08 17:38:29,61.776,15.9449
2018-08-08,2018-08-08 17:38:29,61.7322,15.9945
2018-08-08,2018-08-08 17:38:36,61.6258,16.0696
2018-08-08,2018-08-08 17:38:38,61.4762,16.0557
2018-08-08,2018-08-08 17:38:49,61.6859,16.0102
2018-08-08,2018-08-08 17:38:49,61.7016,16.0178
2018-08-08,2018-08-08 17:38:49,61.6871,15.9822
2018-08-08,2018-08-08 17:38:49,61.7694,15.6805
2018-08-08,2018-08-08 17:38:57,61.5844,16.095
2018-08-08,2018-08-08 17:38:57,61.6004,16.0506
2018-08-08,2018-08-08 17:38:57,61.5827,16.0694
2018-08-08,2018-08-08 17:39:04,61.7021,16.0133
2018-08-08,2018-08-08 17:39:04,61.7114,16.0133
2018-08-08,2018-08-08 17:39:08,61.1706,16.4682
2018-08-08,2018-08-08 17:39:08,61.465,16.0528
2018-08-08,2018-08-08 17:39:08,61.172,16.5066
2018-08-08,2018-08-08 17:39:09,61.1419,16.4781
2018-08-08,2018-08-08 17:39:11,61.5061,15.9988
2018-08-08,2018-08-08 17:39:13,61.5868,15.9856
2018-08-08,2018-08-08 17:39:25,61.5589,15.9972
2018-08-08,2018-08-08 17:39:31,61.7271,16.0132
2018-08-08,2018-08-08 17:39:31,61.7254,16.0007
2018-08-08,2018-08-08 17:39:31,61.7228,15.9832
2018-08-08,2018-08-08 17:39:31,61.7217,15.9736
2018-08-08,2018-08-08 17:39:31,61.7072,16.0009
2018-08-08,2018-08-08 17:39:31,61.7196,15.9775
2018-08-08,2018-08-08 17:39:31,61.7206,15.9799
2018-08-08,2018-08-08 17:39:31,61.7432,15.8017
2018-08-08,2018-08-08 17:39:31,61.7255,15.9957
2018-08-08,2018-08-08 17:39:39,61.49,15.9448
2018-08-08,2018-08-08 17:39:39,61.4738,16.038
2018-08-08,2018-08-08 17:39:46,61.6983,16.0102
2018-08-08,2018-08-08 17:39:55,58.5157,14.1155
2018-08-08,2018-08-08 17:39:55,58.5539,14.1294
2018-08-08,2018-08-08 17:40:08,61.7029,16.0247
2018-08-08,2018-08-08 17:40:08,61.5643,16.1028
2018-08-08,2018-08-08 17:40:08,61.7177,16.0081
2018-08-08,2018-08-08 17:40:16,61.5829,16.0751
2018-08-08,2018-08-08 17:40:16,61.5845,16.09
2018-08-08,2018-08-08 17:40:16,61.5871,16.0856
2018-08-08,2018-08-08 17:40:16,61.582,16.0567
2018-08-08,2018-08-08 17:40:16,61.5837,16.0821
2018-08-08,2018-08-08 17:40:28,61.2305,16.5892
2018-08-08,2018-08-08 17:40:28,61.0845,16.5633
2018-08-08,2018-08-08 17:40:28,61.0525,16.7634
2018-08-08,2018-08-08 17:40:34,61.5733,16.0267
2018-08-08,2018-08-08 17:40:42,61.6054,15.9849
2018-08-08,2018-08-08 17:40:42,61.5908,16.1077
2018-08-08,2018-08-08 17:40:43,61.5974,16.0606
2018-08-08,2018-08-08 17:40:47,61.7154,16.0218
2018-08-08,2018-08-08 17:40:47,61.7277,16.0075
2018-08-08,2018-08-08 17:40:47,61.7169,16.0097
2018-08-08,2018-08-08 17:40:47,61.7282,16.0065
2018-08-08,2018-08-08 17:40:48,61.1246,16.1625
2018-08-08,2018-08-08 17:40:55,61.6197,16.1415
2018-08-08,2018-08-08 17:40:55,61.6162,16.1039
2018-08-08,2018-08-08 17:40:59,61.4551,16.1401
2018-08-08,2018-08-08 17:41:20,61.7341,15.9598
2018-08-08,2018-08-08 17:41:20,61.7218,15.9947
2018-08-08,2018-08-08 17:41:20,61.8268,15.9432
2018-08-08,2018-08-08 17:41:20,61.7192,16.0166
2018-08-08,2018-08-08 17:41:20,61.7143,16.009
2018-08-08,2018-08-08 17:41:29,61.6087,15.9807
2018-08-08,2018-08-08 17:41:29,61.591,16.0828
2018-08-08,2018-08-08 17:41:29,61.5813,15.997
2018-08-08,2018-08-08 17:41:29,61.5912,16.1087
2018-08-08,2018-08-08 17:41:29,61.5921,16.0933
2018-08-08,2018-08-08 17:41:29,61.587,16.0832
2018-08-08,2018-08-08 17:41:36,61.5759,16.0075
2018-08-08,2018-08-08 17:41:43,61.5065,15.9925
2018-08-08,2018-08-08 17:41:47,61.7051,16.0744
2018-08-08,2018-08-08 17:41:47,61.703,16.0441
2018-08-08,2018-08-08 17:41:47,61.7052,16.0572
2018-08-08,2018-08-08 17:42:09,61.42,16.1344
2018-08-08,2018-08-08 17:42:09,61.5749,16.0566
2018-08-08,2018-08-08 17:42:19,61.608,16.1175
2018-08-08,2018-08-08 17:42:22,61.7374,16.0334
2018-08-08,2018-08-08 17:42:22,61.7483,15.8428
2018-08-08,2018-08-08 17:42:22,61.7267,16.0334
2018-08-08,2018-08-08 17:42:34,61.2126,16.4274
2018-08-08,2018-08-08 17:42:34,61.1941,16.3849
2018-08-08,2018-08-08 17:42:34,61.217,16.2297
2018-08-08,2018-08-08 17:42:47,58.6179,14.1275
2018-08-08,2018-08-08 17:42:47,58.6087,14.2522
2018-08-08,2018-08-08 17:43:01,61.7132,16.0648
2018-08-08,2018-08-08 17:43:01,61.7089,16.0694
2018-08-08,2018-08-08 17:43:03,61.2246,16.3758
2018-08-08,2018-08-08 17:43:14,61.4086,16.1587
2018-08-08,2018-08-08 17:43:14,61.5605,16.0148
2018-08-08,2018-08-08 17:43:15,61.8369,15.7243
2018-08-08,2018-08-08 17:43:20,61.519,16.0543
2018-08-08,2018-08-08 17:43:24,61.5656,16.0135
2018-08-08,2018-08-08 17:43:24,61.5383,16.0118
2018-08-08,2018-08-08 17:43:35,61.7635,16.1616
2018-08-08,2018-08-08 17:43:47,61.6734,16.1823
2018-08-08,2018-08-08 17:43:47,61.6645,16.3318
2018-08-08,2018-08-08 17:43:47,61.718,15.9117
2018-08-08,2018-08-08 17:43:48,61.6681,16.2452
2018-08-08,2018-08-08 17:43:48,61.5246,16.0868
2018-08-08,2018-08-08 17:43:48,61.6695,16.2068
2018-08-08,2018-08-08 17:43:58,61.6547,16.0358
2018-08-08,2018-08-08 17:44:04,61.1915,16.4327
2018-08-08,2018-08-08 17:44:08,61.7513,16.0118
2018-08-08,2018-08-08 17:44:08,61.7514,15.9892
2018-08-08,2018-08-08 17:44:10,61.4927,16.1438
2018-08-08,2018-08-08 17:44:10,61.4939,16.1515
2018-08-08,2018-08-08 17:44:11,58.6826,14.1917
2018-08-08,2018-08-08 17:44:13,61.5926,16.0348
2018-08-08,2018-08-08 17:44:24,61.6167,16.1148
2018-08-08,2018-08-08 17:44:24,61.6113,16.02
2018-08-08,2018-08-08 17:44:24,61.5987,16.1566
2018-08-08,2018-08-08 17:44:28,61.5944,16.019
2018-08-08,2018-08-08 17:44:35,58.8044,13.953
2018-08-08,2018-08-08 17:44:43,61.5621,15.8586
2018-08-08,2018-08-08 17:44:50,61.7329,16.0991
2018-08-08,2018-08-08 17:44:51,61.5978,16.0881
2018-08-08,2018-08-08 17:44:57,61.506,16.2158
2018-08-08,2018-08-08 17:45:00,61.676,16.1566
2018-08-08,2018-08-08 17:45:00,61.6795,16.1961
2018-08-08,2018-08-08 17:45:06,61.7854,16.1199
2018-08-08,2018-08-08 17:45:20,61.6043,16.0909
2018-08-08,2018-08-08 17:45:30,61.5411,16.0866
2018-08-08,2018-08-08 17:45:30,61.5701,15.975
2018-08-08,2018-08-08 17:45:30,61.5406,16.0877
2018-08-08,2018-08-08 17:45:30,61.5434,16.1032
2018-08-08,2018-08-08 17:45:31,61.5388,16.0736
2018-08-08,2018-08-08 17:45:31,61.5649,16.0739
2018-08-08,2018-08-08 17:45:35,61.4821,16.1648
2018-08-08,2018-08-08 17:45:42,61.7886,16.0899
2018-08-08,2018-08-08 17:45:42,61.7906,16.1219
2018-08-08,2018-08-08 17:46:08,61.6055,16.0621
2018-08-08,2018-08-08 17:46:10,61.5502,16.1247
2018-08-08,2018-08-08 17:46:10,61.5442,16.0925
2018-08-08,2018-08-08 17:46:12,61.4686,16.1792
2018-08-08,2018-08-08 17:46:18,61.2266,16.4581
2018-08-08,2018-08-08 17:46:21,61.7318,16.1345
2018-08-08,2018-08-08 17:46:21,61.7342,16.1482
2018-08-08,2018-08-08 17:46:29,61.5995,16.1687
2018-08-08,2018-08-08 17:46:36,61.4768,16.1933
2018-08-08,2018-08-08 17:46:37,61.7995,16.115
2018-08-08,2018-08-08 17:46:38,61.2679,16.4747
2018-08-08,2018-08-08 17:46:39,61.6119,16.0634
2018-08-08,2018-08-08 17:47:09,61.0029,16.4699
2018-08-08,2018-08-08 17:47:09,61.3009,16.5641
2018-08-08,2018-08-08 17:47:09,61.2896,16.5715
2018-08-08,2018-08-08 17:47:18,58.7818,14.0718
2018-08-08,2018-08-08 17:47:41,61.6866,16.2121
2018-08-08,2018-08-08 17:47:41,61.6278,16.1372
2018-08-08,2018-08-08 17:47:42,61.777,16.0611
2018-08-08,2018-08-08 17:47:42,61.7665,16.0686
2018-08-08,2018-08-08 17:47:42,61.7832,16.0789
2018-08-08,2018-08-08 17:47:42,61.7648,16.1011
2018-08-08,2018-08-08 17:47:42,61.772,16.0805
2018-08-08,2018-08-08 17:47:50,61.5482,16.2579
2018-08-08,2018-08-08 17:47:50,61.5169,16.2412
2018-08-08,2018-08-08 17:47:50,61.5185,16.2022
2018-08-08,2018-08-08 17:48:06,58.5616,14.1235
2018-08-08,2018-08-08 17:48:23,61.6009,16.2096
2018-08-08,2018-08-08 17:48:23,61.6013,16.202
2018-08-08,2018-08-08 17:48:40,58.0229,13.7966
2018-08-08,2018-08-08 17:49:09,61.5275,16.1252
2018-08-08,2018-08-08 17:49:10,61.5758,16.08
2018-08-08,2018-08-08 17:49:10,61.6355,16.1812
2018-08-08,2018-08-08 17:49:10,61.6907,16.1172
2018-08-08,2018-08-08 17:49:15,61.4169,16.6026
2018-08-08,2018-08-08 17:49:16,61.8008,16.1402
2018-08-08,2018-08-08 17:49:16,61.8045,16.1426
2018-08-08,2018-08-08 17:49:16,61.8103,16.1795
2018-08-08,2018-08-08 17:49:38,61.6406,16.1823
2018-08-08,2018-08-08 17:49:38,61.6383,16.1782
2018-08-08,2018-08-08 17:50:01,61.8126,16.1453
2018-08-08,2018-08-08 17:50:05,61.511,16.2134
2018-08-08,2018-08-08 17:50:06,61.6455,16.2252
2018-08-08,2018-08-08 17:50:06,61.6516,16.1755
2018-08-08,2018-08-08 17:50:06,61.6467,16.2364
2018-08-08,2018-08-08 17:50:07,61.6288,16.2621
2018-08-08,2018-08-08 17:50:28,58.6415,14.0923
2018-08-08,2018-08-08 17:50:40,61.5823,16.1425
2018-08-08,2018-08-08 17:50:40,61.6126,16.213
2018-08-08,2018-08-08 17:50:44,61.6976,16.2143
2018-08-08,2018-08-08 17:50:45,61.3532,16.631
2018-08-08,2018-08-08 17:50:54,61.8316,16.2436
2018-08-08,2018-08-08 17:51:04,61.6107,16.2512
2018-08-08,2018-08-08 17:51:11,61.5763,16.1666
2018-08-08,2018-08-08 17:51:11,61.5875,16.197
2018-08-08,2018-08-08 17:51:32,61.5801,16.2862
2018-08-08,2018-08-08 17:51:32,61.597,16.2805
2018-08-08,2018-08-08 17:51:32,61.5766,16.2986
2018-08-08,2018-08-08 17:51:38,61.076,16.5053
2018-08-08,2018-08-08 17:51:38,61.3341,16.6206
2018-08-08,2018-08-08 17:51:38,61.3376,16.6348
2018-08-08,2018-08-08 17:51:43,61.7075,16.2168
2018-08-08,2018-08-08 17:52:07,58.6872,14.2393
2018-08-08,2018-08-08 17:52:09,60.0605,5.0589
2018-08-08,2018-08-08 17:52:09,60.0584,5.0703
2018-08-08,2018-08-08 17:52:09,60.0677,5.0714
2018-08-08,2018-08-08 17:52:10,61.7939,16.2145
2018-08-08,2018-08-08 17:52:10,61.7977,16.1549
2018-08-08,2018-08-08 17:52:10,61.6473,16.3892
2018-08-08,2018-08-08 17:52:38,61.6891,16.2887
2018-08-08,2018-08-08 17:52:40,61.8598,16.1727
2018-08-08,2018-08-08 17:52:40,61.8748,16.0231
2018-08-08,2018-08-08 17:52:41,58.8209,13.9471
2018-08-08,2018-08-08 17:52:41,58.819,13.9576
2018-08-08,2018-08-08 17:52:58,61.6295,16.2531
2018-08-08,2018-08-08 17:52:59,58.3416,15.0912
2018-08-08,2018-08-08 17:52:59,57.9099,14.62
2018-08-08,2018-08-08 17:52:59,57.9086,14.5825
2018-08-08,2018-08-08 17:52:59,57.9004,14.5893
2018-08-08,2018-08-08 17:52:59,57.9205,14.6426
2018-08-08,2018-08-08 17:53:52,61.6498,16.2082
2018-08-08,2018-08-08 17:53:53,61.8755,16.2264
2018-08-08,2018-08-08 17:53:53,61.8694,16.279
2018-08-08,2018-08-08 17:53:53,61.8637,16.2324
2018-08-08,2018-08-08 17:53:53,61.8625,16.227
2018-08-08,2018-08-08 17:54:00,61.6276,16.1936
2018-08-08,2018-08-08 17:54:00,61.5611,16.116
2018-08-08,2018-08-08 17:54:06,58.7002,14.2372
2018-08-08,2018-08-08 17:54:21,61.584,16.3291
2018-08-08,2018-08-08 17:54:22,61.5822,16.3379
2018-08-08,2018-08-08 17:54:38,60.0817,5.081
2018-08-08,2018-08-08 17:54:46,61.6492,16.2448
2018-08-08,2018-08-08 17:54:46,61.5946,16.3373
2018-08-08,2018-08-08 17:54:54,61.6687,16.2065
2018-08-08,2018-08-08 17:55:03,61.6321,16.2549
2018-08-08,2018-08-08 17:55:05,58.7086,14.2296
2018-08-08,2018-08-08 17:55:09,58.8425,13.9664
2018-08-08,2018-08-08 17:55:12,61.6719,16.2168
2018-08-08,2018-08-08 17:55:12,61.6623,16.2215
2018-08-08,2018-08-08 17:55:12,61.6513,16.3909
2018-08-08,2018-08-08 17:55:12,61.6527,16.2467
2018-08-08,2018-08-08 17:55:12,61.6757,16.2196
2018-08-08,2018-08-08 17:55:12,61.6424,16.2561
2018-08-08,2018-08-08 17:55:13,61.6549,16.2429
2018-08-08,2018-08-08 17:55:13,61.6634,16.2296
2018-08-08,2018-08-08 17:55:13,61.6798,16.2008
2018-08-08,2018-08-08 17:55:24,61.6244,16.2386
2018-08-08,2018-08-08 17:55:29,60.7849,16.4635
2018-08-08,2018-08-08 17:55:29,60.8122,16.2838
2018-08-08,2018-08-08 17:55:33,61.6279,16.2064
2018-08-08,2018-08-08 17:55:34,58.6859,14.2597
2018-08-08,2018-08-08 17:55:34,58.7021,14.263
2018-08-08,2018-08-08 17:55:53,61.6722,16.199
2018-08-08,2018-08-08 17:56:23,61.7013,16.2406
2018-08-08,2018-08-08 17:56:23,61.7078,16.1852
2018-08-08,2018-08-08 17:56:24,61.7021,16.2394
2018-08-08,2018-08-08 17:56:35,61.6466,16.312
2018-08-08,2018-08-08 17:56:53,61.6736,16.2513
2018-08-08,2018-08-08 17:56:53,61.6816,16.257
2018-08-08,2018-08-08 17:56:53,61.6826,16.2807
2018-08-08,2018-08-08 17:56:53,61.6766,16.2292
2018-08-08,2018-08-08 17:56:53,61.6995,16.2566
2018-08-08,2018-08-08 17:56:53,61.6817,16.2766
2018-08-08,2018-08-08 17:56:53,61.6961,16.2244
2018-08-08,2018-08-08 17:56:53,61.6751,16.2496
2018-08-08,2018-08-08 17:56:53,61.6793,16.2409
2018-08-08,2018-08-08 17:56:53,61.6654,16.2404
2018-08-08,2018-08-08 17:57:00,61.3351,16.762
2018-08-08,2018-08-08 17:57:00,61.3385,16.8857
2018-08-08,2018-08-08 17:57:00,61.3012,16.598
2018-08-08,2018-08-08 17:57:12,61.6765,16.3049
2018-08-08,2018-08-08 17:57:30,61.6678,16.2755
2018-08-08,2018-08-08 17:57:30,61.6877,16.2391
2018-08-08,2018-08-08 17:57:46,61.7114,16.2336
2018-08-08,2018-08-08 17:57:55,61.7552,16.3131
2018-08-08,2018-08-08 17:57:57,58.5996,14.4128
2018-08-08,2018-08-08 17:58:04,61.6171,16.3029
2018-08-08,2018-08-08 17:58:08,61.672,16.4296
2018-08-08,2018-08-08 17:58:08,61.6753,16.3759
2018-08-08,2018-08-08 17:58:38,61.7473,16.309
2018-08-08,2018-08-08 17:58:39,61.6613,16.2762
2018-08-08,2018-08-08 17:58:39,61.6115,16.3652
2018-08-08,2018-08-08 17:58:39,61.6053,16.3438
2018-08-08,2018-08-08 17:58:53,60.0548,5.035
2018-08-08,2018-08-08 17:58:55,61.7348,16.2801
2018-08-08,2018-08-08 17:58:55,61.7429,16.2458
2018-08-08,2018-08-08 17:59:06,61.6993,16.3003
2018-08-08,2018-08-08 17:59:06,61.7153,16.1594
2018-08-08,2018-08-08 17:59:06,61.6908,16.2996
2018-08-08,2018-08-08 17:59:07,61.3975,16.6488
2018-08-08,2018-08-08 17:59:07,61.3135,16.7316
2018-08-08,2018-08-08 17:59:28,61.6997,16.286
2018-08-08,2018-08-08 17:59:31,61.8958,16.3078
2018-08-08,2018-08-08 17:59:39,58.8741,13.9871
2018-08-08,2018-08-08 17:59:39,58.888,13.9922
2018-08-08,2018-08-08 17:59:41,61.7048,16.3368
2018-08-08,2018-08-08 17:59:44,58.7374,14.268
2018-08-08,2018-08-08 17:59:52,61.7734,16.4383
2018-08-08,2018-08-08 18:00:01,58.7874,14.337
2018-08-08,2018-08-08 18:00:11,61.7211,16.3241
2018-08-08,2018-08-08 18:00:11,61.7195,16.3255
2018-08-08,2018-08-08 18:00:23,61.6489,16.3092
2018-08-08,2018-08-08 18:00:23,61.6381,16.4513
2018-08-08,2018-08-08 18:00:53,58.8937,14.0166
2018-08-08,2018-08-08 18:00:58,61.7224,16.3167
2018-08-08,2018-08-08 18:00:58,61.7224,16.3201
2018-08-08,2018-08-08 18:00:58,61.7278,16.2778
2018-08-08,2018-08-08 18:01:15,58.9437,13.9333
2018-08-08,2018-08-08 18:01:15,58.9516,13.945
2018-08-08,2018-08-08 18:01:15,58.9414,13.9263
2018-08-08,2018-08-08 18:01:17,58.7431,14.2762
2018-08-08,2018-08-08 18:01:17,58.7427,14.282
2018-08-08,2018-08-08 18:01:17,58.7316,14.2851
2018-08-08,2018-08-08 18:01:29,61.6795,16.4019
2018-08-08,2018-08-08 18:01:38,61.7085,16.3402
2018-08-08,2018-08-08 18:01:38,61.8939,16.3355
2018-08-08,2018-08-08 18:01:38,61.7074,16.4356
2018-08-08,2018-08-08 18:01:38,61.9014,16.3439
2018-08-08,2018-08-08 18:02:12,61.8965,16.2326
2018-08-08,2018-08-08 18:02:12,61.8803,16.4007
2018-08-08,2018-08-08 18:02:12,61.8952,16.2437
2018-08-08,2018-08-08 18:02:12,61.8806,16.3988
2018-08-08,2018-08-08 18:02:16,61.756,16.3506
2018-08-08,2018-08-08 18:02:16,61.7552,16.3505
2018-08-08,2018-08-08 18:02:28,61.3819,16.4393
2018-08-08,2018-08-08 18:02:41,61.7309,16.1724
2018-08-08,2018-08-08 18:02:41,61.7061,16.2715
2018-08-08,2018-08-08 18:02:54,61.7278,16.3176
2018-08-08,2018-08-08 18:02:59,61.7835,16.3974
2018-08-08,2018-08-08 18:03:01,61.8121,16.4059
2018-08-08,2018-08-08 18:03:02,61.9135,16.3146
2018-08-08,2018-08-08 18:03:03,61.724,16.248
2018-08-08,2018-08-08 18:03:05,61.6501,16.5166
2018-08-08,2018-08-08 18:03:11,61.7372,16.3748
2018-08-08,2018-08-08 18:03:21,61.7285,16.3724
2018-08-08,2018-08-08 18:03:22,58.7716,14.2765
2018-08-08,2018-08-08 18:03:22,58.7582,14.2892
2018-08-08,2018-08-08 18:03:22,58.7751,14.3092
2018-08-08,2018-08-08 18:03:33,61.4475,16.2982
2018-08-08,2018-08-08 18:03:33,61.7495,16.3629
2018-08-08,2018-08-08 18:03:33,61.707,16.4389
2018-08-08,2018-08-08 18:03:33,61.7577,16.3876
2018-08-08,2018-08-08 18:03:52,61.7455,16.3661
2018-08-08,2018-08-08 18:03:52,61.7397,16.3721
2018-08-08,2018-08-08 18:04:02,58.8106,14.4248
2018-08-08,2018-08-08 18:04:02,58.803,14.4017
2018-08-08,2018-08-08 18:04:04,61.8346,16.4136
2018-08-08,2018-08-08 18:04:10,58.9032,14.0324
2018-08-08,2018-08-08 18:04:10,58.9115,14.007
2018-08-08,2018-08-08 18:04:10,58.9228,13.9947
2018-08-08,2018-08-08 18:04:12,61.9268,16.3513
2018-08-08,2018-08-08 18:04:17,61.7656,16.3268
2018-08-08,2018-08-08 18:04:17,61.7528,15.9605
2018-08-08,2018-08-08 18:04:37,61.7818,16.4455
2018-08-08,2018-08-08 18:04:37,61.7834,16.4403
2018-08-08,2018-08-08 18:04:45,61.6667,16.4236
2018-08-08,2018-08-08 18:04:45,61.6697,16.3878
2018-08-08,2018-08-08 18:04:46,61.8199,16.527
2018-08-08,2018-08-08 18:04:46,61.7924,16.436
2018-08-08,2018-08-08 18:05:03,61.8797,16.4426
2018-08-08,2018-08-08 18:05:04,58.8011,14.3991
2018-08-08,2018-08-08 18:05:09,61.7463,16.3976
2018-08-08,2018-08-08 18:05:10,61.7575,16.4132
2018-08-08,2018-08-08 18:05:10,61.7766,16.3941
2018-08-08,2018-08-08 18:05:10,61.745,16.3959
2018-08-08,2018-08-08 18:05:11,61.9161,16.341
2018-08-08,2018-08-08 18:05:23,61.7423,16.4536
2018-08-08,2018-08-08 18:05:38,61.8462,16.4319
2018-08-08,2018-08-08 18:05:38,61.8466,16.3822
2018-08-08,2018-08-08 18:05:45,61.527,16.8221
2018-08-08,2018-08-08 18:05:55,61.8036,16.3509
2018-08-08,2018-08-08 18:05:55,61.8274,16.2663
2018-08-08,2018-08-08 18:05:55,61.8049,16.3498
2018-08-08,2018-08-08 18:05:55,61.8193,16.2612
2018-08-08,2018-08-08 18:05:55,61.8105,16.3743
2018-08-08,2018-08-08 18:06:12,61.761,16.4071
2018-08-08,2018-08-08 18:06:17,61.7084,16.3435
2018-08-08,2018-08-08 18:06:17,61.6907,16.4969
2018-08-08,2018-08-08 18:06:18,61.6859,16.4972
2018-08-08,2018-08-08 18:06:18,61.6844,16.4905
2018-08-08,2018-08-08 18:06:18,61.7504,16.5019
2018-08-08,2018-08-08 18:06:29,61.8008,16.4739
2018-08-08,2018-08-08 18:06:35,61.8564,16.4268
2018-08-08,2018-08-08 18:06:40,61.7703,16.3445
2018-08-08,2018-08-08 18:06:40,58.8426,14.4153
2018-08-08,2018-08-08 18:06:57,61.684,16.4461
2018-08-08,2018-08-08 18:07:01,61.7697,16.4479
2018-08-08,2018-08-08 18:07:02,61.8351,16.4267
2018-08-08,2018-08-08 18:07:05,58.9584,14.0735
2018-08-08,2018-08-08 18:07:05,58.9724,14.071
2018-08-08,2018-08-08 18:07:05,58.9424,14.0145
2018-08-08,2018-08-08 18:07:05,58.9542,14.0546
2018-08-08,2018-08-08 18:07:10,57.9159,15.0476
2018-08-08,2018-08-08 18:07:16,61.8104,16.4811
2018-08-08,2018-08-08 18:07:16,61.8099,16.4706
2018-08-08,2018-08-08 18:07:16,61.8051,16.4348
2018-08-08,2018-08-08 18:07:17,61.8115,16.5063
2018-08-08,2018-08-08 18:07:17,61.8122,16.5049
2018-08-08,2018-08-08 18:07:23,58.8201,14.4157
2018-08-08,2018-08-08 18:07:24,61.778,16.3497
2018-08-08,2018-08-08 18:07:26,61.8618,16.4399
2018-08-08,2018-08-08 18:07:43,66.8906,15.1188
2018-08-08,2018-08-08 18:07:43,66.8812,14.9485
2018-08-08,2018-08-08 18:07:53,61.5328,16.8121
2018-08-08,2018-08-08 18:07:55,58.8269,14.4261
2018-08-08,2018-08-08 18:08:07,61.8691,16.5083
2018-08-08,2018-08-08 18:08:07,61.8679,16.4845
2018-08-08,2018-08-08 18:08:15,61.8573,16.4967
2018-08-08,2018-08-08 18:08:15,61.9075,16.4512
2018-08-08,2018-08-08 18:08:25,61.8078,16.5256
2018-08-08,2018-08-08 18:08:26,61.7645,16.4501
2018-08-08,2018-08-08 18:08:26,61.851,16.4467
2018-08-08,2018-08-08 18:08:26,61.8111,16.5309
2018-08-08,2018-08-08 18:08:26,61.8098,16.5287
2018-08-08,2018-08-08 18:08:26,61.8108,16.5326
2018-08-08,2018-08-08 18:08:26,61.8064,16.5021
2018-08-08,2018-08-08 18:08:26,61.8112,16.528
2018-08-08,2018-08-08 18:08:26,61.8081,16.4955
2018-08-08,2018-08-08 18:08:29,61.9741,16.4471
2018-08-08,2018-08-08 18:08:29,61.9614,16.4809
2018-08-08,2018-08-08 18:08:30,59.0398,13.9191
2018-08-08,2018-08-08 18:08:30,61.8098,16.4769
2018-08-08,2018-08-08 18:08:31,59.0131,13.934
2018-08-08,2018-08-08 18:08:32,61.6993,16.5581
2018-08-08,2018-08-08 18:08:43,61.7885,16.4376
2018-08-08,2018-08-08 18:08:43,61.7806,16.4864
2018-08-08,2018-08-08 18:08:43,61.7831,16.4358
2018-08-08,2018-08-08 18:08:44,61.7817,16.4375
2018-08-08,2018-08-08 18:08:46,58.7672,14.4238
2018-08-08,2018-08-08 18:08:46,58.757,14.4371
2018-08-08,2018-08-08 18:08:47,58.7419,14.3891
2018-08-08,2018-08-08 18:08:59,58.8302,14.4198
2018-08-08,2018-08-08 18:09:07,61.8458,16.5896
2018-08-08,2018-08-08 18:09:24,61.7889,16.4355
2018-08-08,2018-08-08 18:09:25,61.6886,16.5771
2018-08-08,2018-08-08 18:09:25,61.7838,16.4123
2018-08-08,2018-08-08 18:09:25,61.7885,16.466
2018-08-08,2018-08-08 18:09:25,61.7881,16.4383
2018-08-08,2018-08-08 18:09:37,61.8102,16.4984
2018-08-08,2018-08-08 18:09:37,61.8115,16.5129
2018-08-08,2018-08-08 18:09:45,58.769,14.3737
2018-08-08,2018-08-08 18:09:45,58.7649,14.3844
2018-08-08,2018-08-08 18:09:45,58.7724,14.3509
2018-08-08,2018-08-08 18:09:53,61.7857,16.499
2018-08-08,2018-08-08 18:09:53,61.7912,16.5227
2018-08-08,2018-08-08 18:10:07,61.7871,16.4528
2018-08-08,2018-08-08 18:10:07,61.7306,16.389
2018-08-08,2018-08-08 18:10:08,61.8837,16.5051
2018-08-08,2018-08-08 18:10:09,59.0503,13.9095
2018-08-08,2018-08-08 18:10:09,59.0491,13.9086
2018-08-08,2018-08-08 18:10:09,59.0376,13.758
2018-08-08,2018-08-08 18:10:09,59.0412,13.9258
2018-08-08,2018-08-08 18:10:09,59.0206,13.6966
2018-08-08,2018-08-08 18:10:25,61.7495,16.4902
2018-08-08,2018-08-08 18:10:25,61.7947,16.4958
2018-08-08,2018-08-08 18:10:25,61.8804,16.5216
2018-08-08,2018-08-08 18:10:28,58.7641,14.0072
2018-08-08,2018-08-08 18:10:43,61.8427,16.482
2018-08-08,2018-08-08 18:10:53,61.9963,16.3618
2018-08-08,2018-08-08 18:10:53,61.9068,16.3533
2018-08-08,2018-08-08 18:10:53,61.8935,16.5017
2018-08-08,2018-08-08 18:10:53,61.8913,16.4929
2018-08-08,2018-08-08 18:11:02,61.8061,16.5482
2018-08-08,2018-08-08 18:11:02,61.804,16.5026
2018-08-08,2018-08-08 18:11:07,61.7441,16.5945
2018-08-08,2018-08-08 18:11:14,61.8825,16.5171
2018-08-08,2018-08-08 18:11:14,61.8833,16.5187
2018-08-08,2018-08-08 18:11:14,61.8822,16.5201
2018-08-08,2018-08-08 18:11:18,61.7681,16.6604
2018-08-08,2018-08-08 18:11:18,61.7607,16.6716
2018-08-08,2018-08-08 18:11:18,61.7694,16.6657
2018-08-08,2018-08-08 18:11:19,58.9726,14.2186
2018-08-08,2018-08-08 18:11:19,58.9119,14.1948
2018-08-08,2018-08-08 18:11:22,59.0563,13.9115
2018-08-08,2018-08-08 18:11:22,59.05,13.9227
2018-08-08,2018-08-08 18:11:27,61.9918,16.5641
2018-08-08,2018-08-08 18:11:29,60.9824,16.7738
2018-08-08,2018-08-08 18:11:29,61.4233,17.1287
2018-08-08,2018-08-08 18:11:29,61.5165,16.9686
2018-08-08,2018-08-08 18:11:29,61.4304,17.2094
2018-08-08,2018-08-08 18:11:29,61.4901,16.9387
2018-08-08,2018-08-08 18:11:29,61.4251,17.12
2018-08-08,2018-08-08 18:11:29,61.0951,16.7459
2018-08-08,2018-08-08 18:11:30,61.816,16.5557
2018-08-08,2018-08-08 18:11:30,61.219,17.12
2018-08-08,2018-08-08 18:11:36,58.9074,14.1779
2018-08-08,2018-08-08 18:11:40,61.9286,16.5412
2018-08-08,2018-08-08 18:11:40,61.9351,16.5254
2018-08-08,2018-08-08 18:11:40,61.9246,16.5655
2018-08-08,2018-08-08 18:11:40,61.9516,16.4077
2018-08-08,2018-08-08 18:11:43,61.7367,16.6195
2018-08-08,2018-08-08 18:11:49,61.8985,16.5383
2018-08-08,2018-08-08 18:11:56,58.8528,14.4254
2018-08-08,2018-08-08 18:11:59,61.8097,16.5282
2018-08-08,2018-08-08 18:11:59,61.9011,16.5719
2018-08-08,2018-08-08 18:11:59,61.8086,16.5777
2018-08-08,2018-08-08 18:11:59,61.9021,16.5719
2018-08-08,2018-08-08 18:11:59,61.908,16.5591
2018-08-08,2018-08-08 18:11:59,61.8825,16.4965
2018-08-08,2018-08-08 18:12:00,61.7853,16.5758
2018-08-08,2018-08-08 18:12:00,61.8109,16.5771
2018-08-08,2018-08-08 18:12:08,61.9415,16.5246
2018-08-08,2018-08-08 18:12:15,61.772,16.6572
2018-08-08,2018-08-08 18:12:33,61.8202,16.6078
2018-08-08,2018-08-08 18:12:34,61.9168,16.5388
2018-08-08,2018-08-08 18:12:34,61.9102,16.5265
2018-08-08,2018-08-08 18:12:34,61.909,16.523
2018-08-08,2018-08-08 18:12:43,61.7932,16.5798
2018-08-08,2018-08-08 18:12:43,61.8031,16.5396
2018-08-08,2018-08-08 18:12:45,61.8286,16.4824
2018-08-08,2018-08-08 18:12:54,61.8674,16.595
2018-08-08,2018-08-08 18:12:54,61.8864,16.3532
2018-08-08,2018-08-08 18:12:55,61.8094,16.5561
2018-08-08,2018-08-08 18:13:09,61.9472,16.5292
2018-08-08,2018-08-08 18:13:09,61.9453,16.538
2018-08-08,2018-08-08 18:13:09,61.9461,16.5372
2018-08-08,2018-08-08 18:13:09,61.9427,16.5468
2018-08-08,2018-08-08 18:13:09,61.9433,16.5438
2018-08-08,2018-08-08 18:13:09,61.9431,16.5417
2018-08-08,2018-08-08 18:13:15,58.8715,14.4479
2018-08-08,2018-08-08 18:13:15,58.8721,14.4462
2018-08-08,2018-08-08 18:13:26,61.8193,16.4796
2018-08-08,2018-08-08 18:13:26,61.7892,16.6572
2018-08-08,2018-08-08 18:13:27,61.8328,16.6057
2018-08-08,2018-08-08 18:13:27,61.8329,16.606
2018-08-08,2018-08-08 18:13:28,61.8651,16.6001
2018-08-08,2018-08-08 18:13:28,61.8737,16.602
2018-08-08,2018-08-08 18:13:28,61.9434,16.513
2018-08-08,2018-08-08 18:13:29,61.87,16.5802
2018-08-08,2018-08-08 18:13:29,61.9,16.2234
2018-08-08,2018-08-08 18:13:40,61.8567,16.6873
2018-08-08,2018-08-08 18:13:46,58.9975,14.4759
2018-08-08,2018-08-08 18:13:52,61.8369,16.3164
2018-08-08,2018-08-08 18:13:52,61.8459,16.4142
2018-08-08,2018-08-08 18:13:52,61.829,16.5228
2018-08-08,2018-08-08 18:13:52,61.8324,16.5293
2018-08-08,2018-08-08 18:14:00,61.8366,16.4729
2018-08-08,2018-08-08 18:14:03,58.9282,14.2364
2018-08-08,2018-08-08 18:14:08,58.8119,14.3009
2018-08-08,2018-08-08 18:14:08,61.8114,16.5666
2018-08-08,2018-08-08 18:14:17,59.0582,14.1492
2018-08-08,2018-08-08 18:14:17,59.064,14.0875
2018-08-08,2018-08-08 18:14:21,61.9319,16.5479
2018-08-08,2018-08-08 18:14:21,61.9346,16.535
2018-08-08,2018-08-08 18:14:22,61.9331,16.5371
2018-08-08,2018-08-08 18:14:22,61.9345,16.5403
2018-08-08,2018-08-08 18:14:24,58.9109,13.939
2018-08-08,2018-08-08 18:14:27,58.828,14.4891
2018-08-08,2018-08-08 18:14:27,61.8265,16.5811
2018-08-08,2018-08-08 18:14:32,61.8176,16.5881
2018-08-08,2018-08-08 18:14:32,61.8225,16.5937
2018-08-08,2018-08-08 18:14:32,61.8203,16.5869
2018-08-08,2018-08-08 18:14:32,61.8219,16.6119
2018-08-08,2018-08-08 18:14:36,66.8343,14.632
2018-08-08,2018-08-08 18:14:54,61.6189,16.9359
2018-08-08,2018-08-08 18:14:57,66.8798,15.1879
2018-08-08,2018-08-08 18:14:57,61.7575,16.4751
2018-08-08,2018-08-08 18:14:57,67.0535,14.8056
2018-08-08,2018-08-08 18:15:03,61.9385,16.5899
2018-08-08,2018-08-08 18:15:03,61.9439,16.5763
2018-08-08,2018-08-08 18:15:03,61.9421,16.5774
2018-08-08,2018-08-08 18:15:03,61.9418,16.5782
2018-08-08,2018-08-08 18:15:03,61.9466,16.5841
2018-08-08,2018-08-08 18:15:09,58.7809,14.0298
2018-08-08,2018-08-08 18:15:09,58.7855,14.0273
2018-08-08,2018-08-08 18:15:09,58.7574,14.4193
2018-08-08,2018-08-08 18:15:10,61.8597,16.4083
2018-08-08,2018-08-08 18:15:10,61.8499,16.4934
2018-08-08,2018-08-08 18:15:10,61.8372,16.623
2018-08-08,2018-08-08 18:15:10,61.8489,16.5207
2018-08-08,2018-08-08 18:15:10,61.8466,16.4934
2018-08-08,2018-08-08 18:15:10,61.8484,16.5028
2018-08-08,2018-08-08 18:15:21,61.8722,16.5183
2018-08-08,2018-08-08 18:15:27,58.9643,14.3824
2018-08-08,2018-08-08 18:15:27,58.9664,14.3835
2018-08-08,2018-08-08 18:15:33,61.9325,16.6167
2018-08-08,2018-08-08 18:15:34,61.3991,17.2773
2018-08-08,2018-08-08 18:15:36,61.8495,16.6601
2018-08-08,2018-08-08 18:15:36,61.8154,16.6278
2018-08-08,2018-08-08 18:15:37,61.8583,16.4267
2018-08-08,2018-08-08 18:15:37,61.8427,16.6707
2018-08-08,2018-08-08 18:15:37,61.8419,16.668
2018-08-08,2018-08-08 18:15:37,61.8344,16.7645
2018-08-08,2018-08-08 18:15:37,61.8571,16.4452
2018-08-08,2018-08-08 18:15:47,61.8794,16.5751
2018-08-08,2018-08-08 18:15:47,61.8653,16.6375
2018-08-08,2018-08-08 18:15:48,62.0436,16.6326
2018-08-08,2018-08-08 18:15:48,62.0154,16.6056
2018-08-08,2018-08-08 18:15:48,62.0392,16.6295
2018-08-08,2018-08-08 18:15:48,62.0448,16.6348
2018-08-08,2018-08-08 18:15:48,62.0434,16.6411
2018-08-08,2018-08-08 18:15:49,61.8508,16.5469
2018-08-08,2018-08-08 18:15:49,61.8581,16.5741
2018-08-08,2018-08-08 18:15:54,61.7726,16.6857
2018-08-08,2018-08-08 18:15:55,61.9365,16.6245
2018-08-08,2018-08-08 18:15:55,61.9336,16.59
2018-08-08,2018-08-08 18:16:23,59.0237,14.2578
2018-08-08,2018-08-08 18:16:23,59.0115,14.2409
2018-08-08,2018-08-08 18:16:23,59.0084,14.2394
2018-08-08,2018-08-08 18:16:24,58.9911,14.2676
2018-08-08,2018-08-08 18:16:26,61.9224,16.641
2018-08-08,2018-08-08 18:16:26,66.965,14.8714
2018-08-08,2018-08-08 18:16:27,58.8103,14.4352
2018-08-08,2018-08-08 18:16:27,58.8092,14.4407
2018-08-08,2018-08-08 18:16:27,58.8042,14.4324
2018-08-08,2018-08-08 18:16:27,58.8205,14.437
2018-08-08,2018-08-08 18:16:37,61.6433,16.9371
2018-08-08,2018-08-08 18:16:37,61.5573,16.9907
2018-08-08,2018-08-08 18:16:37,61.2916,16.8118
2018-08-08,2018-08-08 18:16:37,61.0123,16.8498
2018-08-08,2018-08-08 18:16:37,61.5733,16.9965
2018-08-08,2018-08-08 18:16:37,61.6414,16.9274
2018-08-08,2018-08-08 18:16:38,61.2641,16.6975
2018-08-08,2018-08-08 18:16:38,61.2677,16.8293
2018-08-08,2018-08-08 18:16:38,61.1247,16.8388
2018-08-08,2018-08-08 18:16:40,61.9325,16.5176
2018-08-08,2018-08-08 18:16:40,61.9277,16.6471
2018-08-08,2018-08-08 18:16:41,61.8623,16.6069
2018-08-08,2018-08-08 18:16:41,61.8746,16.7719
2018-08-08,2018-08-08 18:16:51,61.7659,16.7456
2018-08-08,2018-08-08 18:16:58,61.94,16.6389
2018-08-08,2018-08-08 18:17:04,61.9568,16.5892
2018-08-08,2018-08-08 18:17:05,61.9503,16.5939
2018-08-08,2018-08-08 18:17:05,61.9625,16.5631
2018-08-08,2018-08-08 18:17:05,61.955,16.5753
2018-08-08,2018-08-08 18:17:06,61.8218,16.6392
2018-08-08,2018-08-08 18:17:06,61.8217,16.5294
2018-08-08,2018-08-08 18:17:06,61.8082,16.6927
2018-08-08,2018-08-08 18:17:07,61.8353,16.6702
2018-08-08,2018-08-08 18:17:25,61.8688,16.5662
2018-08-08,2018-08-08 18:17:38,58.825,14.4679
2018-08-08,2018-08-08 18:17:41,58.8954,14.6193
2018-08-08,2018-08-08 18:17:43,61.9356,16.6504
2018-08-08,2018-08-08 18:17:43,61.9353,16.654
2018-08-08,2018-08-08 18:17:46,59.1245,13.9621
2018-08-08,2018-08-08 18:17:46,59.1027,14.0558
2018-08-08,2018-08-08 18:17:46,59.1111,13.9739
2018-08-08,2018-08-08 18:17:46,59.1232,13.9518
2018-08-08,2018-08-08 18:17:46,59.1146,13.9284
2018-08-08,2018-08-08 18:17:46,59.1185,13.9529
2018-08-08,2018-08-08 18:17:48,61.8758,16.6321
2018-08-08,2018-08-08 18:17:48,61.8781,16.6437
2018-08-08,2018-08-08 18:17:48,61.8723,16.6194
2018-08-08,2018-08-08 18:17:49,61.8818,16.6179
2018-08-08,2018-08-08 18:17:49,61.868,16.6425
2018-08-08,2018-08-08 18:17:49,61.8691,16.6359
2018-08-08,2018-08-08 18:17:58,58.9897,14.3897
2018-08-08,2018-08-08 18:17:59,58.9707,14.3698
2018-08-08,2018-08-08 18:18:05,62.0035,16.4958
2018-08-08,2018-08-08 18:18:05,61.956,16.5801
2018-08-08,2018-08-08 18:18:05,61.9536,16.5985
2018-08-08,2018-08-08 18:18:07,58.9282,13.9426
2018-08-08,2018-08-08 18:18:07,58.9133,13.9727
2018-08-08,2018-08-08 18:18:07,58.9311,13.977
2018-08-08,2018-08-08 18:18:07,58.8898,14.0148
2018-08-08,2018-08-08 18:18:15,61.9515,16.5445
2018-08-08,2018-08-08 18:18:23,61.7634,16.7177
2018-08-08,2018-08-08 18:18:24,61.9698,16.7154
2018-08-08,2018-08-08 18:18:24,61.765,16.6918
2018-08-08,2018-08-08 18:18:38,61.942,16.6007
2018-08-08,2018-08-08 18:18:38,61.944,16.5947
2018-08-08,2018-08-08 18:18:38,61.9435,16.5821
2018-08-08,2018-08-08 18:18:38,61.9446,16.5936
2018-08-08,2018-08-08 18:18:38,61.9468,16.5843
2018-08-08,2018-08-08 18:18:38,61.943,16.5964
2018-08-08,2018-08-08 18:18:44,61.9257,16.6042
2018-08-08,2018-08-08 18:18:50,58.8569,14.2051
2018-08-08,2018-08-08 18:18:50,59.045,14.204
2018-08-08,2018-08-08 18:19:07,58.8636,14.6669
2018-08-08,2018-08-08 18:19:07,58.8653,14.6715
2018-08-08,2018-08-08 18:19:19,58.9733,14.3818
2018-08-08,2018-08-08 18:19:21,61.8934,16.6031
2018-08-08,2018-08-08 18:19:22,61.8912,16.6114
2018-08-08,2018-08-08 18:19:22,61.8965,16.6047
2018-08-08,2018-08-08 18:19:22,61.8953,16.5964
2018-08-08,2018-08-08 18:19:22,61.8912,16.6057
2018-08-08,2018-08-08 18:19:22,61.8902,16.6195
2018-08-08,2018-08-08 18:19:34,61.9984,16.6688
2018-08-08,2018-08-08 18:19:34,61.7823,16.7086
2018-08-08,2018-08-08 18:19:34,61.984,16.6787
2018-08-08,2018-08-08 18:19:34,61.9962,16.6501
2018-08-08,2018-08-08 18:19:34,61.9882,16.6638
2018-08-08,2018-08-08 18:19:38,67.1525,12.8545
2018-08-08,2018-08-08 18:19:41,61.9454,16.5309
2018-08-08,2018-08-08 18:19:56,61.963,16.6194
2018-08-08,2018-08-08 18:20:08,61.9073,16.5875
2018-08-08,2018-08-08 18:20:16,58.9041,14.6831
2018-08-08,2018-08-08 18:20:18,62.0326,16.5427
2018-08-08,2018-08-08 18:20:18,62.0049,16.6719
2018-08-08,2018-08-08 18:20:18,62.0135,16.7532
2018-08-08,2018-08-08 18:20:26,59.0882,14.2269
2018-08-08,2018-08-08 18:20:32,59.002,14.1243
2018-08-08,2018-08-08 18:20:41,61.9629,16.6592
2018-08-08,2018-08-08 18:20:41,61.9707,16.581
2018-08-08,2018-08-08 18:20:41,61.9652,16.654
2018-08-08,2018-08-08 18:20:46,61.9715,16.7161
2018-08-08,2018-08-08 18:20:46,61.9726,16.7922
2018-08-08,2018-08-08 18:20:59,61.9848,16.8323
2018-08-08,2018-08-08 18:20:59,62.0048,16.6344
2018-08-08,2018-08-08 18:20:59,61.9881,16.6454
2018-08-08,2018-08-08 18:20:59,62.0031,16.631
2018-08-08,2018-08-08 18:21:00,61.9982,16.648
2018-08-08,2018-08-08 18:21:00,61.9963,16.6556
2018-08-08,2018-08-08 18:21:09,61.8882,16.6899
2018-08-08,2018-08-08 18:21:23,61.9794,16.6008
2018-08-08,2018-08-08 18:21:24,61.9884,16.4852
2018-08-08,2018-08-08 18:21:24,61.9812,16.5974
2018-08-08,2018-08-08 18:21:30,59.1297,14.2404
2018-08-08,2018-08-08 18:21:30,59.1293,14.2234
2018-08-08,2018-08-08 18:21:30,59.1333,14.2329
2018-08-08,2018-08-08 18:21:45,61.9838,16.6298
2018-08-08,2018-08-08 18:21:45,62.0101,16.6775
2018-08-08,2018-08-08 18:21:55,61.804,16.8048
2018-08-08,2018-08-08 18:21:55,61.8018,16.7992
2018-08-08,2018-08-08 18:21:55,61.8013,16.8098
2018-08-08,2018-08-08 18:22:06,59.1293,14.1002
2018-08-08,2018-08-08 18:22:06,59.1338,14.2572
2018-08-08,2018-08-08 18:22:12,62.0359,16.6907
2018-08-08,2018-08-08 18:22:12,62.0343,16.6875
2018-08-08,2018-08-08 18:22:20,58.9924,14.1918
2018-08-08,2018-08-08 18:22:20,58.9916,14.1934
2018-08-08,2018-08-08 18:22:26,61.9407,16.5432
2018-08-08,2018-08-08 18:22:26,61.9411,16.6947
2018-08-08,2018-08-08 18:22:29,58.9182,14.3899
2018-08-08,2018-08-08 18:22:32,61.8043,16.7355
2018-08-08,2018-08-08 18:22:36,61.8733,16.8032
2018-08-08,2018-08-08 18:22:36,61.8963,16.7682
2018-08-08,2018-08-08 18:22:36,61.8971,16.6496
2018-08-08,2018-08-08 18:22:41,59.0983,14.2592
2018-08-08,2018-08-08 18:22:41,61.971,16.6706
2018-08-08,2018-08-08 18:22:41,59.1121,14.2665
2018-08-08,2018-08-08 18:22:41,61.9878,16.6273
2018-08-08,2018-08-08 18:22:52,61.9624,16.571
2018-08-08,2018-08-08 18:22:52,61.7836,16.8444
2018-08-08,2018-08-08 18:23:07,60.6747,15.0716
2018-08-08,2018-08-08 18:23:07,60.6544,15.0762
2018-08-08,2018-08-08 18:23:07,60.6808,15.1186
2018-08-08,2018-08-08 18:23:14,59.0153,14.3746
2018-08-08,2018-08-08 18:23:14,59.0022,14.4049
2018-08-08,2018-08-08 18:23:15,61.9468,16.6856
2018-08-08,2018-08-08 18:23:15,61.9645,16.6528
2018-08-08,2018-08-08 18:23:18,62.1006,16.81
2018-08-08,2018-08-08 18:23:21,59.1343,14.2531
2018-08-08,2018-08-08 18:23:26,62.0072,16.6783
2018-08-08,2018-08-08 18:23:40,59.0308,14.0895
2018-08-08,2018-08-08 18:23:41,61.5096,17.0329
2018-08-08,2018-08-08 18:23:42,61.5079,17.3519
2018-08-08,2018-08-08 18:23:42,61.5094,17.3552
2018-08-08,2018-08-08 18:23:45,62.0158,16.6867
2018-08-08,2018-08-08 18:23:45,61.9138,16.6816
2018-08-08,2018-08-08 18:23:53,61.9252,16.7055
2018-08-08,2018-08-08 18:24:03,58.9857,13.9842
2018-08-08,2018-08-08 18:24:03,59.0133,13.9536
2018-08-08,2018-08-08 18:24:03,58.9902,13.986
2018-08-08,2018-08-08 18:24:10,58.9128,14.6613
2018-08-08,2018-08-08 18:24:10,58.916,14.649
2018-08-08,2018-08-08 18:24:12,61.4471,17.2604
2018-08-08,2018-08-08 18:24:13,61.3518,17.0916
2018-08-08,2018-08-08 18:24:13,62.0347,16.5783
2018-08-08,2018-08-08 18:24:14,61.2078,17.2271
2018-08-08,2018-08-08 18:24:14,61.1223,16.9697
2018-08-08,2018-08-08 18:24:17,58.9354,14.6562
2018-08-08,2018-08-08 18:24:17,58.9194,14.661
2018-08-08,2018-08-08 18:24:17,58.9168,14.6574
2018-08-08,2018-08-08 18:24:17,58.9202,14.6593
2018-08-08,2018-08-08 18:24:21,61.9807,16.6679
2018-08-08,2018-08-08 18:24:30,61.9034,16.8138
2018-08-08,2018-08-08 18:24:30,61.8894,16.8995
2018-08-08,2018-08-08 18:24:35,61.9785,16.7175
2018-08-08,2018-08-08 18:24:39,61.9408,16.7102
2018-08-08,2018-08-08 18:24:48,59.143,14.2468
2018-08-08,2018-08-08 18:24:48,59.1209,14.2597
2018-08-08,2018-08-08 18:24:48,59.139,14.2574
2018-08-08,2018-08-08 18:24:53,61.8378,16.8355
2018-08-08,2018-08-08 18:25:05,61.6192,17.5472
2018-08-08,2018-08-08 18:25:06,61.6309,17.5356
2018-08-08,2018-08-08 18:25:18,58.9199,14.6653
2018-08-08,2018-08-08 18:25:18,58.9197,14.6438
2018-08-08,2018-08-08 18:25:18,58.935,14.6518
2018-08-08,2018-08-08 18:25:30,59.0326,14.1104
2018-08-08,2018-08-08 18:25:34,61.9801,16.6993
2018-08-08,2018-08-08 18:25:35,61.9739,16.7106
2018-08-08,2018-08-08 18:25:35,61.9751,16.7091
2018-08-08,2018-08-08 18:25:52,61.9198,16.8177
2018-08-08,2018-08-08 18:25:52,61.9243,16.8159
2018-08-08,2018-08-08 18:25:52,61.9184,16.8207
2018-08-08,2018-08-08 18:25:52,61.9002,16.8454
2018-08-08,2018-08-08 18:25:54,59.0387,14.2492
2018-08-08,2018-08-08 18:25:54,59.0171,14.3428
2018-08-08,2018-08-08 18:26:00,61.8438,16.8264
2018-08-08,2018-08-08 18:26:00,61.8429,16.8308
2018-08-08,2018-08-08 18:26:00,61.8414,16.813
2018-08-08,2018-08-08 18:26:18,59.169,14.1696
2018-08-08,2018-08-08 18:26:18,59.1798,14.1694
2018-08-08,2018-08-08 18:26:18,59.1723,14.1571
2018-08-08,2018-08-08 18:26:20,59.0018,14.4475
2018-08-08,2018-08-08 18:26:21,62.0143,16.7319
2018-08-08,2018-08-08 18:26:23,62.0222,16.7317
2018-08-08,2018-08-08 18:26:23,62.0519,16.6959
2018-08-08,2018-08-08 18:26:26,58.9411,14.5837
2018-08-08,2018-08-08 18:26:27,61.8038,16.8366
2018-08-08,2018-08-08 18:26:28,61.9742,16.7638
2018-08-08,2018-08-08 18:26:28,61.9727,16.7695
2018-08-08,2018-08-08 18:26:28,61.9733,16.7723
2018-08-08,2018-08-08 18:26:28,61.9742,16.7679
2018-08-08,2018-08-08 18:26:28,61.9805,16.7471
2018-08-08,2018-08-08 18:26:38,61.9486,16.7064
2018-08-08,2018-08-08 18:26:42,62.0713,16.7604
2018-08-08,2018-08-08 18:26:44,59.0508,14.3044
2018-08-08,2018-08-08 18:26:52,60.6313,14.9175
2018-08-08,2018-08-08 18:26:54,62.0127,16.7915
2018-08-08,2018-08-08 18:26:55,62.0275,16.7324
2018-08-08,2018-08-08 18:26:55,61.9882,16.7614
2018-08-08,2018-08-08 18:26:55,61.9954,16.754
2018-08-08,2018-08-08 18:26:56,60.7193,15.1748
2018-08-08,2018-08-08 18:26:56,60.6963,15.1311
2018-08-08,2018-08-08 18:26:59,67.14,13.4885
2018-08-08,2018-08-08 18:27:06,61.8687,16.7311
2018-08-08,2018-08-08 18:27:06,61.8616,16.7517
2018-08-08,2018-08-08 18:27:06,61.8745,16.7254
2018-08-08,2018-08-08 18:27:06,61.865,16.7345
2018-08-08,2018-08-08 18:27:06,61.8753,16.7233
2018-08-08,2018-08-08 18:27:14,58.9384,14.6501
2018-08-08,2018-08-08 18:27:14,58.9334,14.6615
2018-08-08,2018-08-08 18:27:18,62.0212,16.6962
2018-08-08,2018-08-08 18:27:18,61.9262,16.6766
2018-08-08,2018-08-08 18:27:21,61.9991,16.7762
2018-08-08,2018-08-08 18:27:31,62.0537,16.7975
2018-08-08,2018-08-08 18:27:31,62.0572,16.7871
2018-08-08,2018-08-08 18:27:31,62.0567,16.7815
2018-08-08,2018-08-08 18:27:31,62.0585,16.7732
2018-08-08,2018-08-08 18:27:31,62.0591,16.7876
2018-08-08,2018-08-08 18:27:31,62.0596,16.7839
2018-08-08,2018-08-08 18:27:40,58.8418,14.8258
2018-08-08,2018-08-08 18:27:43,59.1781,14.2721
2018-08-08,2018-08-08 18:27:45,62.0539,16.7516
2018-08-08,2018-08-08 18:27:45,62.0671,16.7719
2018-08-08,2018-08-08 18:27:46,58.113,14.832
2018-08-08,2018-08-08 18:27:47,61.8644,16.8727
2018-08-08,2018-08-08 18:27:47,61.8775,16.7479
2018-08-08,2018-08-08 18:27:47,61.8593,16.8913
2018-08-08,2018-08-08 18:27:53,62.0617,16.7634
2018-08-08,2018-08-08 18:28:03,62.0172,16.7624
2018-08-08,2018-08-08 18:28:03,62.0706,16.747
2018-08-08,2018-08-08 18:28:05,59.0243,14.4332
2018-08-08,2018-08-08 18:28:09,62.0382,16.8093
2018-08-08,2018-08-08 18:28:12,60.7183,15.2048
2018-08-08,2018-08-08 18:28:12,61.9238,16.8535
2018-08-08,2018-08-08 18:28:12,60.7219,15.2324
2018-08-08,2018-08-08 18:28:12,60.7171,15.2071
2018-08-08,2018-08-08 18:28:12,61.9109,16.8974
2018-08-08,2018-08-08 18:28:12,60.7091,15.1876
2018-08-08,2018-08-08 18:28:12,60.7125,15.0998
2018-08-08,2018-08-08 18:28:12,62.0055,16.7339
2018-08-08,2018-08-08 18:28:23,61.9476,16.6363
2018-08-08,2018-08-08 18:28:23,61.9949,16.8019
2018-08-08,2018-08-08 18:28:24,61.9882,16.7155
2018-08-08,2018-08-08 18:28:31,61.8845,16.8537
2018-08-08,2018-08-08 18:28:49,61.9996,16.6658
2018-08-08,2018-08-08 18:28:55,62.096,16.8086
2018-08-08,2018-08-08 18:29:03,61.942,16.8622
2018-08-08,2018-08-08 18:29:03,61.9158,16.8876
2018-08-08,2018-08-08 18:29:07,62.0388,16.6966
2018-08-08,2018-08-08 18:29:08,59.2533,14.295
2018-08-08,2018-08-08 18:29:15,62.0055,16.7483
2018-08-08,2018-08-08 18:29:22,61.4762,17.491
2018-08-08,2018-08-08 18:29:22,61.4768,17.5025
2018-08-08,2018-08-08 18:29:29,61.9958,16.7759
2018-08-08,2018-08-08 18:29:30,62.054,16.7988
2018-08-08,2018-08-08 18:29:30,61.9805,16.7521
2018-08-08,2018-08-08 18:29:30,61.9868,16.7408
2018-08-08,2018-08-08 18:29:36,60.7131,15.1821
2018-08-08,2018-08-08 18:29:36,60.7355,15.1341
2018-08-08,2018-08-08 18:29:39,62.1048,16.8206
2018-08-08,2018-08-08 18:29:47,58.9506,14.6317
2018-08-08,2018-08-08 18:29:48,59.0782,14.1333
2018-08-08,2018-08-08 18:29:55,62.0544,16.7871
2018-08-08,2018-08-08 18:29:55,62.0631,16.8738
2018-08-08,2018-08-08 18:30:23,61.6846,17.4663
2018-08-08,2018-08-08 18:30:23,61.5652,17.33
2018-08-08,2018-08-08 18:30:23,61.5729,17.3403
2018-08-08,2018-08-08 18:30:23,61.6211,17.3903
2018-08-08,2018-08-08 18:30:24,61.5362,17.3649
2018-08-08,2018-08-08 18:30:42,59.1815,14.2983
2018-08-08,2018-08-08 18:30:54,60.7325,15.1998
2018-08-08,2018-08-08 18:30:54,60.7252,15.221
2018-08-08,2018-08-08 18:30:54,60.7236,15.2215
2018-08-08,2018-08-08 18:30:54,60.728,15.216
2018-08-08,2018-08-08 18:30:55,62.0622,16.7451
2018-08-08,2018-08-08 18:30:55,62.0719,16.7215
2018-08-08,2018-08-08 18:30:55,62.0325,16.6949
2018-08-08,2018-08-08 18:30:55,62.0683,16.7178
2018-08-08,2018-08-08 18:31:11,61.9859,16.7795
2018-08-08,2018-08-08 18:31:11,61.9945,16.8332
2018-08-08,2018-08-08 18:31:11,61.8728,17.2656
2018-08-08,2018-08-08 18:31:11,61.8271,17.0461
2018-08-08,2018-08-08 18:31:11,61.9773,16.8138
2018-08-08,2018-08-08 18:31:11,61.9342,16.9087
2018-08-08,2018-08-08 18:31:11,62.0112,16.836
2018-08-08,2018-08-08 18:31:11,61.9475,16.912
2018-08-08,2018-08-08 18:31:23,59.025,14.8187
2018-08-08,2018-08-08 18:31:41,62.0957,16.7637
2018-08-08,2018-08-08 18:31:46,58.1277,14.8793
2018-08-08,2018-08-08 18:31:59,62.008,16.8185
2018-08-08,2018-08-08 18:31:59,62.0005,16.843
2018-08-08,2018-08-08 18:31:59,62.0098,16.8236
2018-08-08,2018-08-08 18:32:02,62.082,16.853
2018-08-08,2018-08-08 18:32:02,61.5057,17.5635
2018-08-08,2018-08-08 18:32:07,62.0564,16.6495
2018-08-08,2018-08-08 18:32:07,62.0851,16.732
2018-08-08,2018-08-08 18:32:07,62.1402,16.5597
2018-08-08,2018-08-08 18:32:07,62.0691,16.8446
2018-08-08,2018-08-08 18:32:08,62.0079,16.5488
2018-08-08,2018-08-08 18:32:09,59.1233,14.2876
2018-08-08,2018-08-08 18:32:20,62.0046,16.8284
2018-08-08,2018-08-08 18:32:20,62.0183,16.7988
2018-08-08,2018-08-08 18:32:21,62.017,16.7928
2018-08-08,2018-08-08 18:32:21,62.0146,16.8033
2018-08-08,2018-08-08 18:32:48,58.9481,14.7334
2018-08-08,2018-08-08 18:32:48,58.9583,14.7357
2018-08-08,2018-08-08 18:32:58,60.7265,15.213
2018-08-08,2018-08-08 18:32:58,60.7412,15.199
2018-08-08,2018-08-08 18:33:00,59.0746,14.3385
2018-08-08,2018-08-08 18:33:00,59.1097,14.3254
2018-08-08,2018-08-08 18:33:01,62.1574,16.8314
2018-08-08,2018-08-08 18:33:07,62.0847,16.8903
2018-08-08,2018-08-08 18:33:07,62.063,16.9136
2018-08-08,2018-08-08 18:33:17,58.9914,14.6613
2018-08-08,2018-08-08 18:33:21,59.1812,14.3037
2018-08-08,2018-08-08 18:33:30,62.0626,16.743
2018-08-08,2018-08-08 18:33:36,62.0806,16.8585
2018-08-08,2018-08-08 18:33:38,62.1162,16.8381
2018-08-08,2018-08-08 18:33:51,62.0667,16.8496
2018-08-08,2018-08-08 18:34:11,62.0815,16.8599
2018-08-08,2018-08-08 18:34:15,61.9987,16.7967
2018-08-08,2018-08-08 18:34:15,62.0006,16.8068
2018-08-08,2018-08-08 18:34:15,61.9962,16.8037
2018-08-08,2018-08-08 18:34:22,62.1175,16.8667
2018-08-08,2018-08-08 18:34:22,59.0045,14.6709
2018-08-08,2018-08-08 18:34:23,60.7437,15.2218
2018-08-08,2018-08-08 18:34:24,61.9481,17.1714
2018-08-08,2018-08-08 18:34:24,61.9534,17.1817
2018-08-08,2018-08-08 18:34:29,62.075,16.864
2018-08-08,2018-08-08 18:34:29,62.0724,16.8708
2018-08-08,2018-08-08 18:34:58,62.0871,16.8588
2018-08-08,2018-08-08 18:34:58,62.0884,16.8493
2018-08-08,2018-08-08 18:34:58,62.0865,16.8555
2018-08-08,2018-08-08 18:35:00,62.0428,16.8426
2018-08-08,2018-08-08 18:35:05,62.0692,16.9208
2018-08-08,2018-08-08 18:35:05,62.0426,16.9036
2018-08-08,2018-08-08 18:35:19,62.0743,16.8635
2018-08-08,2018-08-08 18:35:24,62.1271,16.9147
2018-08-08,2018-08-08 18:35:29,59.0112,14.6866
2018-08-08,2018-08-08 18:35:29,59.0165,14.6802
2018-08-08,2018-08-08 18:35:29,59.0245,14.6664
2018-08-08,2018-08-08 18:35:31,59.054,14.6
2018-08-08,2018-08-08 18:35:32,59.0712,14.502
2018-08-08,2018-08-08 18:35:32,59.2177,14.3514
2018-08-08,2018-08-08 18:35:32,59.1193,14.4438
2018-08-08,2018-08-08 18:35:42,62.1175,16.9164
2018-08-08,2018-08-08 18:35:46,62.1598,16.6934
2018-08-08,2018-08-08 18:35:49,60.7053,15.2768
2018-08-08,2018-08-08 18:35:59,62.1716,16.8672
2018-08-08,2018-08-08 18:35:59,62.0991,16.9505
2018-08-08,2018-08-08 18:36:04,62.0654,16.9372
2018-08-08,2018-08-08 18:36:06,59.016,14.6853
2018-08-08,2018-08-08 18:36:06,59.0064,14.6556
2018-08-08,2018-08-08 18:36:06,59.0063,14.6956
2018-08-08,2018-08-08 18:36:06,59.012,14.7007
2018-08-08,2018-08-08 18:36:06,59.0143,14.5345
2018-08-08,2018-08-08 18:36:07,62.1237,16.8482
2018-08-08,2018-08-08 18:36:12,62.1216,16.9316
2018-08-08,2018-08-08 18:36:12,62.1208,16.9174
2018-08-08,2018-08-08 18:36:12,62.1182,16.9121
2018-08-08,2018-08-08 18:36:12,62.0482,16.9075
2018-08-08,2018-08-08 18:36:12,62.1198,16.9213
2018-08-08,2018-08-08 18:36:28,62.1591,16.9232
2018-08-08,2018-08-08 18:36:28,62.2372,16.9079
2018-08-08,2018-08-08 18:36:28,62.1584,16.917
2018-08-08,2018-08-08 18:36:28,62.1873,16.911
2018-08-08,2018-08-08 18:36:28,62.152,16.9007
2018-08-08,2018-08-08 18:36:28,62.1549,16.9223
2018-08-08,2018-08-08 18:36:28,62.1557,16.92
2018-08-08,2018-08-08 18:36:28,62.155,16.9152
2018-08-08,2018-08-08 18:36:28,62.1818,16.9263
2018-08-08,2018-08-08 18:36:28,62.1576,16.9276
2018-08-08,2018-08-08 18:36:37,59.0077,14.7066
2018-08-08,2018-08-08 18:36:38,62.0429,16.9573
2018-08-08,2018-08-08 18:36:38,58.9852,14.7066
2018-08-08,2018-08-08 18:36:38,58.9862,14.6889
2018-08-08,2018-08-08 18:36:38,59.068,14.5053
2018-08-08,2018-08-08 18:36:41,60.7674,15.2042
2018-08-08,2018-08-08 18:36:46,62.0845,16.9299
2018-08-08,2018-08-08 18:36:55,62.1334,16.8398
2018-08-08,2018-08-08 18:36:55,62.1335,16.8188
2018-08-08,2018-08-08 18:37:04,59.1056,14.0768
2018-08-08,2018-08-08 18:37:05,59.0368,14.0043
2018-08-08,2018-08-08 18:37:07,59.0025,14.722
2018-08-08,2018-08-08 18:37:07,59.0042,14.7249
2018-08-08,2018-08-08 18:37:11,62.066,17.0173
2018-08-08,2018-08-08 18:37:31,62.1374,16.9255
2018-08-08,2018-08-08 18:37:36,60.7599,15.2536
2018-08-08,2018-08-08 18:37:36,59.0397,14.6564
2018-08-08,2018-08-08 18:37:39,62.0736,17.3421
2018-08-08,2018-08-08 18:37:59,62.1745,16.9528
2018-08-08,2018-08-08 18:37:59,62.1765,16.9481
2018-08-08,2018-08-08 18:37:59,62.1683,16.9562
2018-08-08,2018-08-08 18:37:59,62.172,16.954
2018-08-08,2018-08-08 18:37:59,62.1701,16.9519
2018-08-08,2018-08-08 18:37:59,62.1633,16.9703
2018-08-08,2018-08-08 18:37:59,62.1714,16.9625
2018-08-08,2018-08-08 18:37:59,62.1749,16.9504
2018-08-08,2018-08-08 18:37:59,62.1731,16.9523
2018-08-08,2018-08-08 18:37:59,62.1694,16.9597
2018-08-08,2018-08-08 18:38:06,59.0421,14.6771
2018-08-08,2018-08-08 18:38:06,59.0513,14.6528
2018-08-08,2018-08-08 18:38:10,59.1142,14.2066
2018-08-08,2018-08-08 18:38:10,59.1392,14.1945
2018-08-08,2018-08-08 18:38:10,59.1003,14.0382
2018-08-08,2018-08-08 18:38:10,59.1197,14.1745
2018-08-08,2018-08-08 18:38:10,59.1305,14.3031
2018-08-08,2018-08-08 18:38:10,59.1386,14.1958
2018-08-08,2018-08-08 18:38:10,59.1146,14.2333
2018-08-08,2018-08-08 18:38:10,59.1118,14.2077
2018-08-08,2018-08-08 18:38:29,62.1448,17.046
2018-08-08,2018-08-08 18:38:29,62.144,17.0489
2018-08-08,2018-08-08 18:38:29,62.1496,17.0457
2018-08-08,2018-08-08 18:38:29,62.1513,17.0374
2018-08-08,2018-08-08 18:38:29,62.1533,17.0296
2018-08-08,2018-08-08 18:38:29,62.1474,17.0404
2018-08-08,2018-08-08 18:38:35,62.0251,17.1991
2018-08-08,2018-08-08 18:38:36,62.0224,17.2083
2018-08-08,2018-08-08 18:38:45,62.0998,16.9262
2018-08-08,2018-08-08 18:39:10,62.1078,17.0232
2018-08-08,2018-08-08 18:39:10,62.1086,17.03
2018-08-08,2018-08-08 18:39:10,62.1134,17.0161
2018-08-08,2018-08-08 18:39:10,62.1137,17.0176
2018-08-08,2018-08-08 18:39:10,62.1064,17.019
2018-08-08,2018-08-08 18:39:10,62.1059,17.0185
2018-08-08,2018-08-08 18:39:10,62.1013,17.0397
2018-08-08,2018-08-08 18:39:11,62.102,17.0377
2018-08-08,2018-08-08 18:39:14,59.033,14.7118
2018-08-08,2018-08-08 18:39:14,59.0188,14.7634
2018-08-08,2018-08-08 18:39:15,59.0583,14.6155
2018-08-08,2018-08-08 18:39:15,59.0326,14.7202
2018-08-08,2018-08-08 18:39:16,62.1569,16.9684
2018-08-08,2018-08-08 18:39:30,59.2157,14.4159
2018-08-08,2018-08-08 18:39:30,59.2141,14.4295
2018-08-08,2018-08-08 18:39:46,62.1869,16.9676
2018-08-08,2018-08-08 18:39:46,62.1237,16.9539
2018-08-08,2018-08-08 18:39:56,59.0493,14.7166
2018-08-08,2018-08-08 18:39:56,59.0487,14.7175
2018-08-08,2018-08-08 18:40:24,62.1524,16.9
2018-08-08,2018-08-08 18:40:24,62.1763,17.0023
2018-08-08,2018-08-08 18:40:26,59.2655,14.347
2018-08-08,2018-08-08 18:40:26,59.262,14.336
2018-08-08,2018-08-08 18:40:26,59.2626,14.3314
2018-08-08,2018-08-08 18:40:26,59.2637,14.3255
2018-08-08,2018-08-08 18:40:26,59.2622,14.35
2018-08-08,2018-08-08 18:40:27,62.1481,17.0037
2018-08-08,2018-08-08 18:40:28,62.1499,17.0057
2018-08-08,2018-08-08 18:40:30,59.0569,14.6776
2018-08-08,2018-08-08 18:40:30,59.0405,14.75
2018-08-08,2018-08-08 18:40:31,62.0054,17.2799
2018-08-08,2018-08-08 18:40:31,62.0034,17.2913
2018-08-08,2018-08-08 18:40:31,62.0094,17.2745
2018-08-08,2018-08-08 18:40:31,59.0352,14.7121
2018-08-08,2018-08-08 18:40:31,59.0265,14.7246
2018-08-08,2018-08-08 18:40:31,62.0037,17.2776
2018-08-08,2018-08-08 18:40:36,59.2478,14.4241
2018-08-08,2018-08-08 18:40:41,62.1457,17.0222
2018-08-08,2018-08-08 18:40:42,60.7791,15.2939
2018-08-08,2018-08-08 18:40:42,60.7709,15.2764
2018-08-08,2018-08-08 18:40:42,60.8084,15.2592
2018-08-08,2018-08-08 18:40:45,58.8424,10.3242
2018-08-08,2018-08-08 18:40:49,59.0595,14.6659
2018-08-08,2018-08-08 18:41:22,62.1827,16.9831
2018-08-08,2018-08-08 18:41:22,62.2049,17.0036
2018-08-08,2018-08-08 18:41:36,62.0712,17.0435
2018-08-08,2018-08-08 18:41:36,62.1382,17.0547
2018-08-08,2018-08-08 18:41:36,62.1318,17.0349
2018-08-08,2018-08-08 18:41:36,62.1297,17.0496
2018-08-08,2018-08-08 18:41:36,62.1257,17.0489
2018-08-08,2018-08-08 18:41:36,62.1257,17.0414
2018-08-08,2018-08-08 18:41:36,62.1271,17.0346
2018-08-08,2018-08-08 18:41:36,62.1317,17.0484
2018-08-08,2018-08-08 18:41:36,62.1392,17.0415
2018-08-08,2018-08-08 18:41:36,59.2017,14.3026
2018-08-08,2018-08-08 18:41:36,62.1268,17.0383
2018-08-08,2018-08-08 18:41:36,62.1264,17.0451
2018-08-08,2018-08-08 18:41:36,62.159,17.032
2018-08-08,2018-08-08 18:41:37,62.1321,17.0368
2018-08-08,2018-08-08 18:41:37,62.1254,17.0417
2018-08-08,2018-08-08 18:41:37,62.1772,17.0298
2018-08-08,2018-08-08 18:41:42,60.7871,15.3093
2018-08-08,2018-08-08 18:41:42,60.7836,15.3026
2018-08-08,2018-08-08 18:41:54,62.0184,17.2837
2018-08-08,2018-08-08 18:42:14,59.2862,14.3534
2018-08-08,2018-08-08 18:42:28,58.8499,10.3361
2018-08-08,2018-08-08 18:42:46,59.2482,14.4071
2018-08-08,2018-08-08 18:42:46,59.2359,14.3999
2018-08-08,2018-08-08 18:42:46,59.248,14.4082
2018-08-08,2018-08-08 18:42:46,59.2539,14.3652
2018-08-08,2018-08-08 18:42:46,59.2439,14.4109
2018-08-08,2018-08-08 18:42:46,59.2468,14.3957
2018-08-08,2018-08-08 18:42:46,59.243,14.376
2018-08-08,2018-08-08 18:42:46,59.2453,14.3946
2018-08-08,2018-08-08 18:42:47,59.2466,14.4094
2018-08-08,2018-08-08 18:42:53,59.1114,14.7302
2018-08-08,2018-08-08 18:42:54,62.0965,17.1404
2018-08-08,2018-08-08 18:42:54,62.0881,17.0976
2018-08-08,2018-08-08 18:42:54,62.0876,17.0909
2018-08-08,2018-08-08 18:42:54,62.0809,17.0701
2018-08-08,2018-08-08 18:43:02,62.164,17.0068
2018-08-08,2018-08-08 18:43:11,62.1633,16.9969
2018-08-08,2018-08-08 18:43:11,62.1657,16.9913
2018-08-08,2018-08-08 18:43:11,62.1928,17.0702
2018-08-08,2018-08-08 18:43:24,59.2477,14.3963
2018-08-08,2018-08-08 18:43:24,59.2491,14.3862
2018-08-08,2018-08-08 18:43:24,59.2483,14.3858
2018-08-08,2018-08-08 18:43:24,59.2484,14.4034
2018-08-08,2018-08-08 18:43:24,59.2487,14.3868
2018-08-08,2018-08-08 18:43:24,59.2485,14.3919
2018-08-08,2018-08-08 18:43:24,59.2439,14.3912
2018-08-08,2018-08-08 18:43:30,61.9857,16.9782
2018-08-08,2018-08-08 18:43:30,62.1701,16.9815
2018-08-08,2018-08-08 18:43:30,67.2655,13.5355
2018-08-08,2018-08-08 18:43:30,62.1946,17.0966
2018-08-08,2018-08-08 18:43:38,62.1716,17.0174
2018-08-08,2018-08-08 18:43:51,62.1773,17.0837
2018-08-08,2018-08-08 18:43:51,62.19,17.0873
2018-08-08,2018-08-08 18:43:51,62.2049,17.0467
2018-08-08,2018-08-08 18:44:01,59.0991,14.6866
2018-08-08,2018-08-08 18:44:01,59.1318,14.631
2018-08-08,2018-08-08 18:44:01,59.0989,14.7083
2018-08-08,2018-08-08 18:44:05,59.2535,14.4043
2018-08-08,2018-08-08 18:44:05,59.2517,14.4202
2018-08-08,2018-08-08 18:44:05,59.2525,14.4053
2018-08-08,2018-08-08 18:44:05,59.2502,14.4229
2018-08-08,2018-08-08 18:44:05,59.255,14.3887
2018-08-08,2018-08-08 18:44:05,59.2509,14.4046
2018-08-08,2018-08-08 18:44:05,59.2483,14.4144
2018-08-08,2018-08-08 18:44:05,59.249,14.4373
2018-08-08,2018-08-08 18:44:05,59.2504,14.422
2018-08-08,2018-08-08 18:44:08,62.2048,17.0729
2018-08-08,2018-08-08 18:44:08,62.2066,17.0706
2018-08-08,2018-08-08 18:44:08,62.1069,17.0728
2018-08-08,2018-08-08 18:44:08,62.1892,17.0676
2018-08-08,2018-08-08 18:44:33,62.1776,17.0902
2018-08-08,2018-08-08 18:44:48,62.2008,17.0123
2018-08-08,2018-08-08 18:44:48,62.1965,17.0602
2018-08-08,2018-08-08 18:44:48,62.1991,17.0137
2018-08-08,2018-08-08 18:44:49,62.2138,17.0307
2018-08-08,2018-08-08 18:44:49,62.2802,17.0154
2018-08-08,2018-08-08 18:45:01,62.2066,16.9889
2018-08-08,2018-08-08 18:45:01,62.2474,17.029
2018-08-08,2018-08-08 18:45:07,59.1025,14.7219
2018-08-08,2018-08-08 18:45:17,62.1796,17.0243
2018-08-08,2018-08-08 18:45:32,62.2084,17.0627
2018-08-08,2018-08-08 18:45:32,62.2064,17.0616
2018-08-08,2018-08-08 18:45:32,62.2117,17.0725
2018-08-08,2018-08-08 18:45:44,62.1858,17.0314
2018-08-08,2018-08-08 18:45:47,62.2264,17.0431
2018-08-08,2018-08-08 18:45:47,62.2335,17.0407
2018-08-08,2018-08-08 18:45:54,59.2095,14.5434
2018-08-08,2018-08-08 18:45:54,59.2054,14.5291
2018-08-08,2018-08-08 18:45:55,59.2076,14.5448
2018-08-08,2018-08-08 18:45:56,62.8555,5.4812
2018-08-08,2018-08-08 18:45:56,62.7721,5.5716
2018-08-08,2018-08-08 18:46:01,62.2031,17.0728
2018-08-08,2018-08-08 18:46:01,62.1894,16.9743
2018-08-08,2018-08-08 18:46:14,62.196,17.0251
2018-08-08,2018-08-08 18:46:14,62.1916,17.0195
2018-08-08,2018-08-08 18:46:18,62.1123,17.1323
2018-08-08,2018-08-08 18:46:18,62.0365,17.1357
2018-08-08,2018-08-08 18:46:25,62.1842,17.1298
2018-08-08,2018-08-08 18:46:25,62.2432,17.1425
2018-08-08,2018-08-08 18:46:33,62.1929,17.1029
2018-08-08,2018-08-08 18:46:33,62.216,17.0651
2018-08-08,2018-08-08 18:46:33,62.2128,17.0688
2018-08-08,2018-08-08 18:46:41,59.0802,14.481
2018-08-08,2018-08-08 18:46:51,62.2,17.0075
2018-08-08,2018-08-08 18:46:51,62.1995,16.989
2018-08-08,2018-08-08 18:46:51,62.2831,16.9193
2018-08-08,2018-08-08 18:47:01,58.9266,14.8673
2018-08-08,2018-08-08 18:47:04,62.2112,17.0883
2018-08-08,2018-08-08 18:47:04,62.2006,17.0827
2018-08-08,2018-08-08 18:47:14,59.3539,14.4129
2018-08-08,2018-08-08 18:47:14,59.2434,14.4768
2018-08-08,2018-08-08 18:47:14,59.2657,14.4885
2018-08-08,2018-08-08 18:47:14,59.2603,14.4989
2018-08-08,2018-08-08 18:47:14,62.1957,17.036
2018-08-08,2018-08-08 18:47:14,62.2182,17.0416
2018-08-08,2018-08-08 18:47:14,62.2055,17.0363
2018-08-08,2018-08-08 18:47:14,62.1499,17.032
2018-08-08,2018-08-08 18:47:14,62.2014,17.0438
2018-08-08,2018-08-08 18:47:14,62.191,17.0724
2018-08-08,2018-08-08 18:47:14,59.1401,14.4526
2018-08-08,2018-08-08 18:47:23,62.2331,17.1411
2018-08-08,2018-08-08 18:47:34,62.2306,17.0235
2018-08-08,2018-08-08 18:47:43,62.213,17.0846
2018-08-08,2018-08-08 18:47:55,59.3819,14.4267
2018-08-08,2018-08-08 18:47:57,62.2046,17.0734
2018-08-08,2018-08-08 18:47:57,62.2102,17.1179
2018-08-08,2018-08-08 18:47:58,62.214,17.1263
2018-08-08,2018-08-08 18:48:13,62.0179,17.4336
2018-08-08,2018-08-08 18:48:18,62.219,17.123
2018-08-08,2018-08-08 18:48:18,62.2412,17.1302
2018-08-08,2018-08-08 18:48:29,62.2127,16.9959
2018-08-08,2018-08-08 18:48:29,62.2111,16.9974
2018-08-08,2018-08-08 18:48:29,62.2373,16.9769
2018-08-08,2018-08-08 18:48:29,62.2107,17.0728
2018-08-08,2018-08-08 18:48:29,62.1142,17.0012
2018-08-08,2018-08-08 18:48:30,59.123,14.7307
2018-08-08,2018-08-08 18:48:44,60.7349,15.4371
2018-08-08,2018-08-08 18:48:52,62.1794,17.0785
2018-08-08,2018-08-08 18:48:52,62.2045,17.1623
2018-08-08,2018-08-08 18:49:01,59.2734,14.4013
2018-08-08,2018-08-08 18:49:01,59.2829,14.5563
2018-08-08,2018-08-08 18:49:01,59.273,14.5071
2018-08-08,2018-08-08 18:49:02,62.2168,17.0669
2018-08-08,2018-08-08 18:49:02,62.2187,17.0749
2018-08-08,2018-08-08 18:49:03,62.2211,17.1327
2018-08-08,2018-08-08 18:49:10,62.2419,17.0386
2018-08-08,2018-08-08 18:49:27,59.3257,14.427
2018-08-08,2018-08-08 18:49:27,59.3275,14.4262
2018-08-08,2018-08-08 18:49:27,59.3252,14.4429
2018-08-08,2018-08-08 18:49:27,59.3263,14.4423
2018-08-08,2018-08-08 18:49:28,62.2195,17.1442
2018-08-08,2018-08-08 18:49:28,62.2205,17.1422
2018-08-08,2018-08-08 18:49:28,62.2175,17.145
2018-08-08,2018-08-08 18:49:29,62.2203,17.1368
2018-08-08,2018-08-08 18:49:29,62.2241,17.1339
2018-08-08,2018-08-08 18:49:33,60.8106,15.384
2018-08-08,2018-08-08 18:49:33,60.8291,15.4101
2018-08-08,2018-08-08 18:49:43,62.2324,17.152
2018-08-08,2018-08-08 18:49:48,62.1164,17.3679
2018-08-08,2018-08-08 18:49:50,62.2423,17.0294
2018-08-08,2018-08-08 18:49:50,62.2248,17.1128
2018-08-08,2018-08-08 18:49:53,58.9487,14.8684
2018-08-08,2018-08-08 18:49:53,58.9594,14.8606
2018-08-08,2018-08-08 18:50:10,62.2752,17.0722
2018-08-08,2018-08-08 18:50:10,62.2757,17.0786
2018-08-08,2018-08-08 18:50:10,62.2376,17.0794
2018-08-08,2018-08-08 18:50:10,62.2747,17.0769
2018-08-08,2018-08-08 18:50:41,62.2816,17.0739
2018-08-08,2018-08-08 18:50:41,62.2345,17.1411
2018-08-08,2018-08-08 18:50:42,59.3994,14.3671
2018-08-08,2018-08-08 18:50:45,62.2258,17.1545
2018-08-08,2018-08-08 18:50:58,62.2559,17.1894
2018-08-08,2018-08-08 18:50:58,62.2576,17.183
2018-08-08,2018-08-08 18:50:59,62.2551,17.1256
2018-08-08,2018-08-08 18:50:59,62.2696,17.1111
2018-08-08,2018-08-08 18:50:59,62.2555,17.1834
2018-08-08,2018-08-08 18:51:23,62.2842,17.1094
2018-08-08,2018-08-08 18:51:23,62.2846,17.1157
2018-08-08,2018-08-08 18:51:25,62.268,17.1711
2018-08-08,2018-08-08 18:51:26,62.2715,17.1613
2018-08-08,2018-08-08 18:51:26,62.3547,17.1471
2018-08-08,2018-08-08 18:51:53,62.2346,17.1688
2018-08-08,2018-08-08 18:51:53,62.2704,17.1805
2018-08-08,2018-08-08 18:51:53,62.2365,17.1667
2018-08-08,2018-08-08 18:51:53,62.3089,17.1596
2018-08-08,2018-08-08 18:51:55,58.9809,14.8447
2018-08-08,2018-08-08 18:51:56,59.0691,14.7661
2018-08-08,2018-08-08 18:51:56,59.0612,14.7894
2018-08-08,2018-08-08 18:52:06,59.3058,14.5592
2018-08-08,2018-08-08 18:52:06,59.3101,14.5462
2018-08-08,2018-08-08 18:52:06,59.2926,14.6584
2018-08-08,2018-08-08 18:52:08,62.22,17.1945
2018-08-08,2018-08-08 18:52:18,60.8893,15.5353
2018-08-08,2018-08-08 18:52:18,60.8863,15.5407
2018-08-08,2018-08-08 18:52:18,60.8892,15.5426
2018-08-08,2018-08-08 18:52:18,60.8881,15.5504
2018-08-08,2018-08-08 18:52:18,60.8869,15.5406
2018-08-08,2018-08-08 18:52:24,62.2399,17.1393
2018-08-08,2018-08-08 18:52:32,62.267,17.1892
2018-08-08,2018-08-08 18:52:40,62.2114,17.1729
2018-08-08,2018-08-08 18:52:40,62.2064,17.2168
2018-08-08,2018-08-08 18:53:17,62.2533,17.2654
2018-08-08,2018-08-08 18:53:31,62.2952,17.2359
2018-08-08,2018-08-08 18:53:32,59.4225,14.2645
2018-08-08,2018-08-08 18:53:39,59.1773,14.7186
2018-08-08,2018-08-08 18:53:39,59.1719,14.7385
2018-08-08,2018-08-08 18:53:47,62.2535,17.1817
2018-08-08,2018-08-08 18:53:47,62.2433,17.2064
2018-08-08,2018-08-08 18:53:47,62.2793,17.2288
2018-08-08,2018-08-08 18:54:20,62.2831,17.2321
2018-08-08,2018-08-08 18:54:58,59.3079,14.3703
2018-08-08,2018-08-08 18:54:58,59.3025,14.3796
2018-08-08,2018-08-08 18:54:58,59.292,14.0648
2018-08-08,2018-08-08 18:54:58,59.2986,14.3682
2018-08-08,2018-08-08 18:55:03,62.3228,17.1516
2018-08-08,2018-08-08 18:55:04,62.3082,17.1893
2018-08-08,2018-08-08 18:55:22,59.4469,14.4174
2018-08-08,2018-08-08 18:55:33,62.3116,17.2458
2018-08-08,2018-08-08 18:55:33,62.2876,17.2481
2018-08-08,2018-08-08 18:55:39,60.7243,15.5333
2018-08-08,2018-08-08 18:56:10,59.1098,14.8434
2018-08-08,2018-08-08 18:56:10,59.1477,14.7911
2018-08-08,2018-08-08 18:56:10,59.117,14.853
2018-08-08,2018-08-08 18:56:10,59.1227,14.8518
2018-08-08,2018-08-08 18:56:24,62.2918,17.2415
2018-08-08,2018-08-08 18:56:25,62.3806,17.166
2018-08-08,2018-08-08 18:56:27,62.2128,17.0566
2018-08-08,2018-08-08 18:56:28,62.1915,17.385
2018-08-08,2018-08-08 18:56:43,60.8774,15.5253
2018-08-08,2018-08-08 18:56:50,59.3825,14.4283
2018-08-08,2018-08-08 18:56:50,59.3819,14.4179
2018-08-08,2018-08-08 18:56:50,59.4547,14.403
2018-08-08,2018-08-08 18:56:57,62.3551,17.2836
2018-08-08,2018-08-08 18:56:57,62.3331,17.2933
2018-08-08,2018-08-08 18:56:57,62.336,17.2928
2018-08-08,2018-08-08 18:56:57,62.3394,17.2889
2018-08-08,2018-08-08 18:56:57,62.335,17.3024
2018-08-08,2018-08-08 18:57:27,62.3062,17.2912
2018-08-08,2018-08-08 18:57:27,62.313,17.2826
2018-08-08,2018-08-08 18:57:28,62.2393,17.2963
2018-08-08,2018-08-08 18:57:43,62.2894,17.3533
2018-08-08,2018-08-08 18:57:44,62.2873,17.3516
2018-08-08,2018-08-08 18:58:12,62.3124,17.323
2018-08-08,2018-08-08 18:58:12,62.3043,17.3301
2018-08-08,2018-08-08 18:58:26,62.3275,17.258
2018-08-08,2018-08-08 18:58:26,62.3145,17.2647
2018-08-08,2018-08-08 18:58:47,62.329,17.3023
2018-08-08,2018-08-08 18:58:47,62.3331,17.3144
2018-08-08,2018-08-08 18:58:56,59.4599,14.5678
2018-08-08,2018-08-08 18:58:56,59.3505,14.3655
2018-08-08,2018-08-08 18:58:56,59.3868,14.584
2018-08-08,2018-08-08 18:58:56,59.4536,14.5543
2018-08-08,2018-08-08 18:58:56,59.4562,14.572
2018-08-08,2018-08-08 18:58:56,59.3551,14.3714
2018-08-08,2018-08-08 18:58:56,59.4556,14.5686
2018-08-08,2018-08-08 18:58:56,59.4559,14.5689
2018-08-08,2018-08-08 18:59:05,62.3031,17.3401
2018-08-08,2018-08-08 19:00:01,62.3437,17.3063
2018-08-08,2018-08-08 19:00:05,60.8969,15.5578
2018-08-08,2018-08-08 19:00:07,62.3011,17.3479
2018-08-08,2018-08-08 19:00:19,59.3376,14.6124
2018-08-08,2018-08-08 19:00:19,59.4655,14.5654
2018-08-08,2018-08-08 19:00:19,59.456,14.6293
2018-08-08,2018-08-08 19:00:23,62.2249,17.3985
2018-08-08,2018-08-08 19:00:23,62.2419,17.3726
2018-08-08,2018-08-08 19:00:37,62.3203,17.3009
2018-08-08,2018-08-08 19:00:55,59.1118,14.7891
2018-08-08,2018-08-08 19:00:55,59.1103,14.7812
2018-08-08,2018-08-08 19:01:35,62.3572,17.3201
2018-08-08,2018-08-08 19:01:46,62.3283,17.5575
2018-08-08,2018-08-08 19:02:18,62.316,17.3736
2018-08-08,2018-08-08 19:02:39,59.5014,14.4125
2018-08-08,2018-08-08 19:02:39,59.5044,14.4179
2018-08-08,2018-08-08 19:02:39,59.4964,14.4095
2018-08-08,2018-08-08 19:02:48,62.3388,17.3353
2018-08-08,2018-08-08 19:02:58,62.4034,17.3447
2018-08-08,2018-08-08 19:03:30,62.3465,17.3754
2018-08-08,2018-08-08 19:03:30,62.34,17.3684
2018-08-08,2018-08-08 19:03:30,62.3437,17.459
2018-08-08,2018-08-08 19:03:30,62.3434,17.3654
2018-08-08,2018-08-08 19:03:31,62.3757,17.2568
2018-08-08,2018-08-08 19:03:31,62.3229,17.0244
2018-08-08,2018-08-08 19:03:31,62.2961,17.3755
2018-08-08,2018-08-08 19:03:31,62.3417,17.3723
2018-08-08,2018-08-08 19:03:31,62.3003,17.377
2018-08-08,2018-08-08 19:03:38,60.7841,15.5804
2018-08-08,2018-08-08 19:03:50,62.4329,17.3725
2018-08-08,2018-08-08 19:04:19,62.4005,17.3759
2018-08-08,2018-08-08 19:04:20,62.4023,17.3455
2018-08-08,2018-08-08 19:04:20,62.3366,17.2826
2018-08-08,2018-08-08 19:04:57,62.3205,17.3587
2018-08-08,2018-08-08 19:05:04,59.5289,14.5174
2018-08-08,2018-08-08 19:05:04,59.6221,14.499
2018-08-08,2018-08-08 19:05:04,59.5326,14.5078
2018-08-08,2018-08-08 19:05:04,59.5357,14.5109
2018-08-08,2018-08-08 19:05:05,59.3994,14.4027
2018-08-08,2018-08-08 19:05:05,59.4006,14.4101
2018-08-08,2018-08-08 19:05:36,60.9523,15.6881
2018-08-08,2018-08-08 19:05:36,60.949,15.7143
2018-08-08,2018-08-08 19:05:36,60.9619,15.6886
2018-08-08,2018-08-08 19:05:40,62.2747,17.611
2018-08-08,2018-08-08 19:06:07,60.8196,12.233
2018-08-08,2018-08-08 19:06:07,60.8473,12.096
2018-08-08,2018-08-08 19:06:07,60.8215,12.2218
2018-08-08,2018-08-08 19:06:09,62.3301,17.4136
2018-08-08,2018-08-08 19:06:56,62.3662,17.4799
2018-08-08,2018-08-08 19:06:59,59.4334,14.4894
2018-08-08,2018-08-08 19:06:59,59.5476,14.4924
2018-08-08,2018-08-08 19:07:44,62.3539,17.4263
2018-08-08,2018-08-08 19:08:14,62.3457,17.4886
2018-08-08,2018-08-08 19:08:14,62.3817,17.4832
2018-08-08,2018-08-08 19:08:14,62.3321,17.4709
2018-08-08,2018-08-08 19:08:16,62.4262,17.4338
2018-08-08,2018-08-08 19:08:16,62.4416,17.505
2018-08-08,2018-08-08 19:08:16,62.4121,17.4426
2018-08-08,2018-08-08 19:08:25,62.3628,17.4592
2018-08-08,2018-08-08 19:08:25,62.3819,17.4655
2018-08-08,2018-08-08 19:08:29,62.2205,17.5709
2018-08-08,2018-08-08 19:09:05,62.3883,17.4986
2018-08-08,2018-08-08 19:09:05,62.3944,17.4855
2018-08-08,2018-08-08 19:09:20,62.3986,17.4601
2018-08-08,2018-08-08 19:09:24,62.3803,17.4473
2018-08-08,2018-08-08 19:09:24,62.3801,17.4656
2018-08-08,2018-08-08 19:10:22,62.4319,17.4959
2018-08-08,2018-08-08 19:10:26,60.8619,12.2768
2018-08-08,2018-08-08 19:10:41,62.4017,17.4631
2018-08-08,2018-08-08 19:10:41,62.3947,17.4874
2018-08-08,2018-08-08 19:10:42,62.3759,17.4059
2018-08-08,2018-08-08 19:10:42,62.3996,17.4891
2018-08-08,2018-08-08 19:10:42,62.3914,17.4166
2018-08-08,2018-08-08 19:10:43,59.5718,14.5106
2018-08-08,2018-08-08 19:10:43,59.5744,14.4999
2018-08-08,2018-08-08 19:10:43,59.5794,14.537
2018-08-08,2018-08-08 19:10:43,59.5835,14.4737
2018-08-08,2018-08-08 19:10:43,59.4708,14.5364
2018-08-08,2018-08-08 19:10:43,59.3338,14.5036
2018-08-08,2018-08-08 19:10:43,59.5774,14.5418
2018-08-08,2018-08-08 19:10:43,59.5777,14.5252
2018-08-08,2018-08-08 19:10:43,59.5829,14.4771
2018-08-08,2018-08-08 19:10:54,62.398,17.4711
2018-08-08,2018-08-08 19:10:54,62.3978,17.5034
2018-08-08,2018-08-08 19:10:54,62.462,17.4859
2018-08-08,2018-08-08 19:11:37,62.3723,17.4918
2018-08-08,2018-08-08 19:11:37,62.4084,17.4738
2018-08-08,2018-08-08 19:11:44,67.6237,14.4054
2018-08-08,2018-08-08 19:11:52,62.3928,17.4821
2018-08-08,2018-08-08 19:13:11,62.4001,17.5741
2018-08-08,2018-08-08 19:13:44,61.7581,18.707
2018-08-08,2018-08-08 19:15:19,62.4315,17.5761
2018-08-08,2018-08-08 19:15:19,62.4123,17.6208
2018-08-08,2018-08-08 19:15:19,62.4187,17.608
2018-08-08,2018-08-08 19:15:19,62.4163,17.6177
2018-08-08,2018-08-08 19:15:19,62.4287,17.5516
2018-08-08,2018-08-08 19:15:19,62.4344,17.5703
2018-08-08,2018-08-08 19:15:19,62.4247,17.587
2018-08-08,2018-08-08 19:15:20,62.4653,17.5723
2018-08-08,2018-08-08 19:15:20,60.9522,15.649
2018-08-08,2018-08-08 19:15:20,62.3641,17.6115
2018-08-08,2018-08-08 19:15:40,62.4273,17.5571
2018-08-08,2018-08-08 19:16:34,67.5157,14.3943
2018-08-08,2018-08-08 19:16:34,59.7132,14.625
2018-08-08,2018-08-08 19:16:43,60.9298,12.3582
2018-08-08,2018-08-08 19:16:55,62.4395,17.6389
2018-08-08,2018-08-08 19:17:59,62.4134,17.6046
2018-08-08,2018-08-08 19:19:10,58.9014,15.0161
2018-08-08,2018-08-08 19:19:12,59.7324,14.628
2018-08-08,2018-08-08 19:19:13,59.7444,14.6842
2018-08-08,2018-08-08 19:19:13,59.7656,14.6714
2018-08-08,2018-08-08 19:19:39,62.4586,17.6205
2018-08-08,2018-08-08 19:19:39,62.4706,17.7186
2018-08-08,2018-08-08 19:19:39,62.4574,17.6458
2018-08-08,2018-08-08 19:19:39,62.4526,17.6389
2018-08-08,2018-08-08 19:20:04,67.6787,14.4048
2018-08-08,2018-08-08 19:20:04,67.6562,14.3107
2018-08-08,2018-08-08 19:20:04,67.6506,14.4085
2018-08-08,2018-08-08 19:20:11,67.6614,12.1942
2018-08-08,2018-08-08 19:20:24,61.0067,15.6432
2018-08-08,2018-08-08 19:20:24,60.9761,15.5922
2018-08-08,2018-08-08 19:20:24,60.9969,15.7169
2018-08-08,2018-08-08 19:20:24,60.9791,15.6035
2018-08-08,2018-08-08 19:20:56,64.6003,16.3968
2018-08-08,2018-08-08 19:21:02,62.4731,17.6574
2018-08-08,2018-08-08 19:21:02,62.4846,17.6631
2018-08-08,2018-08-08 19:21:24,59.7163,14.2889
2018-08-08,2018-08-08 19:21:24,59.6534,14.5365
2018-08-08,2018-08-08 19:21:24,59.6239,14.6649
2018-08-08,2018-08-08 19:21:24,59.7469,14.641
2018-08-08,2018-08-08 19:21:24,59.7485,14.6454
2018-08-08,2018-08-08 19:21:24,59.5949,14.8569
2018-08-08,2018-08-08 19:22:33,67.9565,14.6545
2018-08-08,2018-08-08 19:22:36,58.9374,15.0478
2018-08-08,2018-08-08 19:23:09,67.3351,15.5467
2018-08-08,2018-08-08 19:23:40,67.6351,14.0632
2018-08-08,2018-08-08 19:23:53,62.497,17.6891
2018-08-08,2018-08-08 19:24:10,64.6309,16.4241
2018-08-08,2018-08-08 19:24:10,64.6057,16.5286
2018-08-08,2018-08-08 19:24:10,64.7152,16.3744
2018-08-08,2018-08-08 19:24:45,60.9959,15.5134
2018-08-08,2018-08-08 19:25:13,59.6243,14.9756
2018-08-08,2018-08-08 19:25:13,59.6199,14.9663
2018-08-08,2018-08-08 19:26:09,61.0497,15.74
2018-08-08,2018-08-08 19:26:09,61.0388,15.7228
2018-08-08,2018-08-08 19:26:34,62.5719,17.7547
2018-08-08,2018-08-08 19:26:34,62.5489,17.6993
2018-08-08,2018-08-08 19:27:01,64.6489,16.4921
2018-08-08,2018-08-08 19:27:01,64.6723,16.4568
2018-08-08,2018-08-08 19:27:01,64.645,16.503
2018-08-08,2018-08-08 19:27:22,61.0133,15.7651
2018-08-08,2018-08-08 19:27:23,61.0775,15.5121
2018-08-08,2018-08-08 19:27:47,59.7797,14.7024
2018-08-08,2018-08-08 19:27:47,59.7845,14.7092
2018-08-08,2018-08-08 19:27:47,59.7617,14.7434
2018-08-08,2018-08-08 19:28:03,59.6704,15.0117
2018-08-08,2018-08-08 19:28:03,59.6091,14.9887
2018-08-08,2018-08-08 19:28:03,59.6376,14.9846
2018-08-08,2018-08-08 19:28:04,59.6958,14.6565
2018-08-08,2018-08-08 19:28:04,59.7391,14.9072
2018-08-08,2018-08-08 19:28:04,59.6217,15.0306
2018-08-08,2018-08-08 19:28:11,59.0288,15.0425
2018-08-08,2018-08-08 19:28:52,62.5769,17.7703
2018-08-08,2018-08-08 19:28:52,62.5664,17.7069
2018-08-08,2018-08-08 19:29:07,61.0341,15.6928
2018-08-08,2018-08-08 19:29:08,60.9766,15.5809
2018-08-08,2018-08-08 19:29:49,58.9581,15.4709
2018-08-08,2018-08-08 19:30:19,58.9894,14.8771
2018-08-08,2018-08-08 19:30:19,58.9638,15.1004
2018-08-08,2018-08-08 19:30:30,59.8043,14.7683
2018-08-08,2018-08-08 19:30:30,59.8097,14.7938
2018-08-08,2018-08-08 19:30:30,59.8122,14.7155
2018-08-08,2018-08-08 19:31:29,60.9692,15.7714
2018-08-08,2018-08-08 19:32:22,59.0209,15.3595
2018-08-08,2018-08-08 19:32:55,59.0712,15.0434
2018-08-08,2018-08-08 19:34:40,61.044,15.6191
2018-08-08,2018-08-08 19:34:43,59.0343,15.1376
2018-08-08,2018-08-08 19:34:43,59.0187,15.1452
2018-08-08,2018-08-08 19:34:43,59.0364,15.1544
2018-08-08,2018-08-08 19:35:24,67.8028,12.2885
2018-08-08,2018-08-08 19:35:46,59.6718,14.9087
2018-08-08,2018-08-08 19:35:46,59.7043,14.9885
2018-08-08,2018-08-08 19:35:46,59.7254,14.9937
2018-08-08,2018-08-08 19:35:46,59.639,15.0119
2018-08-08,2018-08-08 19:35:46,59.707,14.9978
2018-08-08,2018-08-08 19:35:46,59.7427,14.7481
2018-08-08,2018-08-08 19:36:11,60.0117,14.7361
2018-08-08,2018-08-08 19:37:29,61.114,15.855
2018-08-08,2018-08-08 19:37:29,61.1172,15.8669
2018-08-08,2018-08-08 19:37:29,61.1136,15.8709
2018-08-08,2018-08-08 19:37:29,61.2079,15.7727
2018-08-08,2018-08-08 19:37:29,61.1198,15.8549
2018-08-08,2018-08-08 19:37:29,61.1454,15.93
2018-08-08,2018-08-08 19:37:29,61.1153,15.8742
2018-08-08,2018-08-08 19:37:34,59.0879,15.4371
2018-08-08,2018-08-08 19:38:29,58.9993,15.2772
2018-08-08,2018-08-08 19:39:11,61.125,15.8617
2018-08-08,2018-08-08 19:39:47,67.8452,12.3691
2018-08-08,2018-08-08 19:39:56,67.7266,14.5013
2018-08-08,2018-08-08 19:40:08,59.1336,15.4721
2018-08-08,2018-08-08 19:41:10,59.9552,14.9633
2018-08-08,2018-08-08 19:41:10,60.0274,14.8125
2018-08-08,2018-08-08 19:41:11,59.7383,14.8421
2018-08-08,2018-08-08 19:41:55,61.1455,15.9146
2018-08-08,2018-08-08 19:41:55,61.1508,15.9329
2018-08-08,2018-08-08 19:41:55,61.1539,15.9148
2018-08-08,2018-08-08 19:41:55,61.1424,15.9396
2018-08-08,2018-08-08 19:41:55,61.0699,15.6797
2018-08-08,2018-08-08 19:42:03,59.0205,15.5332
2018-08-08,2018-08-08 19:42:03,59.0419,15.5202
2018-08-08,2018-08-08 19:42:03,59.024,15.5757
2018-08-08,2018-08-08 19:42:11,67.8361,12.3217
2018-08-08,2018-08-08 19:43:16,59.0394,15.5038
2018-08-08,2018-08-08 19:43:16,59.0356,15.5371
2018-08-08,2018-08-08 19:43:16,59.0526,15.524
2018-08-08,2018-08-08 19:44:33,59.1045,15.2139
2018-08-08,2018-08-08 19:45:13,57.9285,14.9491
2018-08-08,2018-08-08 19:45:13,57.9169,14.8714
2018-08-08,2018-08-08 19:45:34,59.0958,15.4667
2018-08-08,2018-08-08 19:45:55,59.0441,15.1519
2018-08-08,2018-08-08 19:46:55,59.9278,14.8334
2018-08-08,2018-08-08 19:47:35,67.8462,12.4308
2018-08-08,2018-08-08 19:49:49,59.9886,14.8554
2018-08-08,2018-08-08 19:49:49,60.0917,14.8976
2018-08-08,2018-08-08 19:50:31,59.2377,15.0944
2018-08-08,2018-08-08 19:50:31,59.1481,15.2837
2018-08-08,2018-08-08 19:52:19,59.1637,15.2726
2018-08-08,2018-08-08 19:52:45,59.113,15.5671
2018-08-08,2018-08-08 19:52:52,60.1043,14.9765
2018-08-08,2018-08-08 19:52:52,60.1139,14.9909
2018-08-08,2018-08-08 19:52:52,60.024,14.9232
2018-08-08,2018-08-08 19:52:52,60.0223,14.9201
2018-08-08,2018-08-08 19:52:52,60.1137,14.9837
2018-08-08,2018-08-08 19:52:52,60.1006,15.0077
2018-08-08,2018-08-08 19:53:06,67.9227,12.4233
2018-08-08,2018-08-08 19:53:50,57.9137,15.0276
2018-08-08,2018-08-08 19:53:50,57.9945,15.0982
2018-08-08,2018-08-08 19:54:56,60.2499,14.9021
2018-08-08,2018-08-08 19:56:05,59.2019,15.394
2018-08-08,2018-08-08 19:56:05,59.1751,15.3409
2018-08-08,2018-08-08 19:56:05,59.2085,15.3809
2018-08-08,2018-08-08 19:56:05,59.1813,15.3338
2018-08-08,2018-08-08 19:57:30,60.0262,15.0888
2018-08-08,2018-08-08 19:58:59,59.2023,15.3221
2018-08-08,2018-08-08 19:58:59,59.1935,15.3043
2018-08-08,2018-08-08 19:58:59,59.2091,15.3477
2018-08-08,2018-08-08 19:58:59,59.1731,15.2726
2018-08-08,2018-08-08 19:58:59,59.2075,15.2904
2018-08-08,2018-08-08 19:59:11,67.5803,15.7485
2018-08-08,2018-08-08 19:59:11,67.589,15.6348
2018-08-08,2018-08-08 19:59:34,68.3064,14.7678
2018-08-08,2018-08-08 19:59:34,68.2997,14.787
2018-08-08,2018-08-08 20:01:37,68.3394,14.849
2018-08-08,2018-08-08 20:03:16,61.3227,16.7118
2018-08-08,2018-08-08 20:03:17,68.4827,14.6256
2018-08-08,2018-08-08 20:04:12,60.2678,15.0121
2018-08-08,2018-08-08 20:04:56,59.2194,15.5706
2018-08-08,2018-08-08 20:06:00,61.3464,16.7993
2018-08-08,2018-08-08 20:17:31,58.384,17.2771
2018-08-08,2018-08-08 20:18:29,68.3996,14.7877
2018-08-08,2018-08-08 20:19:11,68.3774,15.1669
2018-08-08,2018-08-08 20:19:25,57.911,15.0653
2018-08-08,2018-08-08 20:20:05,68.343,14.9078
2018-08-08,2018-08-08 20:20:05,68.3158,14.8837
2018-08-08,2018-08-08 20:20:08,58.397,17.3157
2018-08-08,2018-08-08 20:20:08,58.3934,17.2992
2018-08-08,2018-08-08 20:22:49,57.9132,15.0961
2018-08-08,2018-08-08 20:23:15,65.6375,5.6165
2018-08-08,2018-08-08 20:31:01,65.6713,5.7403
2018-08-08,2018-08-08 20:31:23,69.0835,15.4653
2018-08-08,2018-08-08 20:31:23,68.4446,15.1002
2018-08-08,2018-08-08 20:32:53,57.9093,15.5262
2018-08-08,2018-08-08 20:33:27,68.4832,14.909
2018-08-08,2018-08-08 20:33:49,57.9134,14.5676
2018-08-08,2018-08-08 20:35:10,57.9301,15.3538
2018-08-08,2018-08-08 20:36:09,57.9912,15.2985
2018-08-08,2018-08-08 20:36:09,57.9722,15.2729
2018-08-08,2018-08-08 20:36:09,57.9998,15.266
2018-08-08,2018-08-08 20:38:24,57.9966,15.2748
2018-08-08,2018-08-08 20:41:08,58.0453,15.4882
2018-08-08,2018-08-08 20:41:08,57.9908,15.4688
2018-08-08,2018-08-08 20:41:08,58.0437,15.4876
2018-08-08,2018-08-08 20:44:41,58.0164,15.6572
2018-08-08,2018-08-08 20:46:35,65.9272,5.0696
2018-08-08,2018-08-08 20:49:06,57.9135,15.4104
2018-08-08,2018-08-08 20:52:37,57.9433,15.1408
2018-08-08,2018-08-08 21:03:14,57.9559,15.4177
2018-08-08,2018-08-08 21:04:38,68.7428,15.7333
2018-08-08,2018-08-08 21:04:38,68.7594,15.7302
2018-08-08,2018-08-08 21:05:35,57.9855,16.3999
2018-08-08,2018-08-08 21:06:03,58.0495,15.3946
2018-08-08,2018-08-08 21:06:51,58.0538,15.0939
2018-08-08,2018-08-08 21:07:32,68.6785,15.3991
2018-08-08,2018-08-08 21:08:13,57.9672,15.3923
2018-08-08,2018-08-08 21:08:54,57.9589,15.4048
2018-08-08,2018-08-08 21:08:55,58.0193,16.4038
2018-08-08,2018-08-08 21:08:55,58.0159,16.3948
2018-08-08,2018-08-08 21:08:55,58.1023,16.3503
2018-08-08,2018-08-08 21:10:41,58.019,16.4339
2018-08-08,2018-08-08 21:10:56,57.913,15.5226
2018-08-08,2018-08-08 21:14:06,58.1201,15.1011
2018-08-08,2018-08-08 21:14:22,57.9153,15.4333
2018-08-08,2018-08-08 21:14:52,57.9106,15.6962
2018-08-08,2018-08-08 21:15:01,58.0745,16.4579
2018-08-08,2018-08-08 21:15:01,58.0775,16.4325
2018-08-08,2018-08-08 21:15:07,57.9079,15.6688
2018-08-08,2018-08-08 21:15:13,57.9092,16.0042
2018-08-08,2018-08-08 21:15:36,57.925,15.7718
2018-08-08,2018-08-08 21:15:55,57.911,15.6769
2018-08-08,2018-08-08 21:15:55,57.9121,15.6558
2018-08-08,2018-08-08 21:15:55,57.9133,15.6562
2018-08-08,2018-08-08 21:15:55,57.9222,15.6753
2018-08-08,2018-08-08 21:15:56,58.1475,15.5612
2018-08-08,2018-08-08 21:16:01,58.1387,16.3432
2018-08-08,2018-08-08 21:16:56,57.9109,15.6649
2018-08-08,2018-08-08 21:17:00,58.1403,16.5275
2018-08-08,2018-08-08 21:17:09,57.9002,15.679
2018-08-08,2018-08-08 21:17:09,57.9006,15.6807
2018-08-08,2018-08-08 21:17:34,57.9023,15.6791
2018-08-08,2018-08-08 21:17:34,57.9521,15.479
2018-08-08,2018-08-08 21:17:34,57.9119,15.6796
2018-08-08,2018-08-08 21:17:34,57.9122,15.684
2018-08-08,2018-08-08 21:17:55,57.9571,15.9874
2018-08-08,2018-08-08 21:18:09,57.9029,15.4763
2018-08-08,2018-08-08 21:18:09,57.9037,15.4816
2018-08-08,2018-08-08 21:18:13,58.1217,16.4925
2018-08-08,2018-08-08 21:18:27,57.9865,15.9715
2018-08-08,2018-08-08 21:18:27,57.9883,15.9658
2018-08-08,2018-08-08 21:18:41,57.9244,15.6821
2018-08-08,2018-08-08 21:18:49,57.9144,15.4899
2018-08-08,2018-08-08 21:19:01,57.9416,15.7835
2018-08-08,2018-08-08 21:19:02,57.9279,15.4648
2018-08-08,2018-08-08 21:19:18,57.9502,15.7403
2018-08-08,2018-08-08 21:19:18,57.9472,15.7598
2018-08-08,2018-08-08 21:19:23,57.9274,15.4979
2018-08-08,2018-08-08 21:19:23,57.9234,15.4987
2018-08-08,2018-08-08 21:19:23,57.9213,15.4881
2018-08-08,2018-08-08 21:19:23,57.9223,15.4936
2018-08-08,2018-08-08 21:19:24,57.9267,15.5012
2018-08-08,2018-08-08 21:19:24,57.9267,15.4991
2018-08-08,2018-08-08 21:19:29,66.0633,5.6937
2018-08-08,2018-08-08 21:19:46,57.976,16.0498
2018-08-08,2018-08-08 21:20:04,57.9514,15.7466
2018-08-08,2018-08-08 21:20:26,57.9584,16.0216
2018-08-08,2018-08-08 21:20:27,57.9215,15.7067
2018-08-08,2018-08-08 21:20:27,57.9401,15.6973
2018-08-08,2018-08-08 21:20:27,57.9206,15.7075
2018-08-08,2018-08-08 21:20:27,57.9327,15.7168
2018-08-08,2018-08-08 21:20:27,57.928,15.724
2018-08-08,2018-08-08 21:20:27,57.926,15.7063
2018-08-08,2018-08-08 21:20:27,57.9325,15.7175
2018-08-08,2018-08-08 21:20:27,57.9227,15.7265
2018-08-08,2018-08-08 21:20:40,58.1361,16.5239
2018-08-08,2018-08-08 21:20:59,57.9457,15.5283
2018-08-08,2018-08-08 21:21:00,57.9728,15.5
2018-08-08,2018-08-08 21:21:07,57.9386,15.6905
2018-08-08,2018-08-08 21:21:16,68.8637,15.8239
2018-08-08,2018-08-08 21:21:19,57.9624,16.0577
2018-08-08,2018-08-08 21:21:28,58.0636,16.4911
2018-08-08,2018-08-08 21:21:28,58.0715,16.4992
2018-08-08,2018-08-08 21:21:28,58.0701,16.4838
2018-08-08,2018-08-08 21:21:43,57.9782,15.9582
2018-08-08,2018-08-08 21:21:43,57.9845,16.0425
2018-08-08,2018-08-08 21:21:43,57.966,16.0561
2018-08-08,2018-08-08 21:21:44,57.954,15.5278
2018-08-08,2018-08-08 21:22:01,58.207,15.8882
2018-08-08,2018-08-08 21:22:01,58.0893,16.4739
2018-08-08,2018-08-08 21:22:01,58.0954,16.4331
2018-08-08,2018-08-08 21:22:01,58.1977,15.7458
2018-08-08,2018-08-08 21:22:02,58.3373,15.7202
2018-08-08,2018-08-08 21:22:16,58.1537,16.5136
2018-08-08,2018-08-08 21:22:16,57.9773,15.6785
2018-08-08,2018-08-08 21:22:32,57.9242,15.8309
2018-08-08,2018-08-08 21:22:43,58.0121,15.5435
2018-08-08,2018-08-08 21:22:43,58.0197,15.5305
2018-08-08,2018-08-08 21:22:44,58.0227,15.5413
2018-08-08,2018-08-08 21:23:05,57.9446,15.7226
2018-08-08,2018-08-08 21:23:05,57.9573,15.5347
2018-08-08,2018-08-08 21:23:05,57.9491,15.7314
2018-08-08,2018-08-08 21:23:31,57.9481,15.5263
2018-08-08,2018-08-08 21:23:31,57.9671,15.4971
2018-08-08,2018-08-08 21:23:31,57.9492,15.5281
2018-08-08,2018-08-08 21:23:31,57.9697,15.529
2018-08-08,2018-08-08 21:23:49,58.0075,15.7246
2018-08-08,2018-08-08 21:23:49,57.9979,15.7165
2018-08-08,2018-08-08 21:23:49,58.0051,15.7312
2018-08-08,2018-08-08 21:23:50,58.1554,15.8195
2018-08-08,2018-08-08 21:23:50,57.9999,15.4863
2018-08-08,2018-08-08 21:23:56,57.9396,16.3435
2018-08-08,2018-08-08 21:23:56,57.9327,16.4643
2018-08-08,2018-08-08 21:24:12,57.9618,15.5948
2018-08-08,2018-08-08 21:24:17,58.2689,16.6952
2018-08-08,2018-08-08 21:24:17,58.1775,16.5519
2018-08-08,2018-08-08 21:24:17,58.171,16.5742
2018-08-08,2018-08-08 21:24:24,58.1096,16.4791
2018-08-08,2018-08-08 21:24:24,58.1127,16.4847
2018-08-08,2018-08-08 21:25:04,57.9956,15.5335
2018-08-08,2018-08-08 21:25:04,58.0224,15.52
2018-08-08,2018-08-08 21:25:15,58.0101,16.3576
2018-08-08,2018-08-08 21:25:23,57.9699,16.2315
2018-08-08,2018-08-08 21:25:24,57.9685,15.5556
2018-08-08,2018-08-08 21:25:24,57.929,15.6756
2018-08-08,2018-08-08 21:25:24,57.9831,15.5904
2018-08-08,2018-08-08 21:25:24,57.95,15.5276
2018-08-08,2018-08-08 21:25:24,57.9927,15.6017
2018-08-08,2018-08-08 21:25:30,58.0109,15.9421
2018-08-08,2018-08-08 21:25:30,58.2661,16.2509
2018-08-08,2018-08-08 21:25:32,58.1203,16.4634
2018-08-08,2018-08-08 21:25:32,58.1203,16.4378
2018-08-08,2018-08-08 21:26:00,57.9711,15.5553
2018-08-08,2018-08-08 21:26:01,57.9688,15.5446
2018-08-08,2018-08-08 21:26:01,57.9723,15.5571
2018-08-08,2018-08-08 21:26:01,57.9722,15.5562
2018-08-08,2018-08-08 21:26:01,57.9706,15.5561
2018-08-08,2018-08-08 21:26:01,57.9696,15.5609
2018-08-08,2018-08-08 21:26:01,57.975,15.5588
2018-08-08,2018-08-08 21:26:17,57.983,15.8237
2018-08-08,2018-08-08 21:26:34,58.0611,16.2125
2018-08-08,2018-08-08 21:26:34,58.0197,16.2505
2018-08-08,2018-08-08 21:26:45,57.903,16.1794
2018-08-08,2018-08-08 21:26:48,58.1006,16.5067
2018-08-08,2018-08-08 21:26:50,57.97,15.8551
2018-08-08,2018-08-08 21:26:59,57.9693,15.6456
2018-08-08,2018-08-08 21:27:03,57.9563,15.8881
2018-08-08,2018-08-08 21:27:35,57.9744,15.863
2018-08-08,2018-08-08 21:27:35,58.0333,15.7447
2018-08-08,2018-08-08 21:27:35,57.9476,15.0047
2018-08-08,2018-08-08 21:27:35,58.0486,15.7328
2018-08-08,2018-08-08 21:27:37,58.0148,16.3681
2018-08-08,2018-08-08 21:27:37,58.0153,16.3834
2018-08-08,2018-08-08 21:27:44,58.1511,13.8523
2018-08-08,2018-08-08 21:27:51,58.0061,16.1016
2018-08-08,2018-08-08 21:28:03,58.0313,15.8939
2018-08-08,2018-08-08 21:28:03,58.0093,15.8906
2018-08-08,2018-08-08 21:28:20,57.9205,16.415
2018-08-08,2018-08-08 21:28:20,58.016,16.3726
2018-08-08,2018-08-08 21:28:24,57.9997,15.7255
2018-08-08,2018-08-08 21:28:24,58.0063,15.7215
2018-08-08,2018-08-08 21:28:24,58.0067,15.7193
2018-08-08,2018-08-08 21:28:24,58.0122,15.7284
2018-08-08,2018-08-08 21:28:24,58.012,15.7289
2018-08-08,2018-08-08 21:28:24,58.0129,15.7293
2018-08-08,2018-08-08 21:28:40,57.9827,15.8607
2018-08-08,2018-08-08 21:28:45,58.0151,15.9133
2018-08-08,2018-08-08 21:28:45,58.0143,15.914
2018-08-08,2018-08-08 21:28:45,58.0215,15.9136
2018-08-08,2018-08-08 21:28:45,58.1087,15.9911
2018-08-08,2018-08-08 21:29:02,58.0001,15.792
2018-08-08,2018-08-08 21:29:07,58.0513,15.481
2018-08-08,2018-08-08 21:29:08,57.9984,16.2839
2018-08-08,2018-08-08 21:29:09,57.9774,16.2718
2018-08-08,2018-08-08 21:29:09,57.9968,16.2815
2018-08-08,2018-08-08 21:29:09,57.9978,16.284
2018-08-08,2018-08-08 21:29:15,57.9941,15.6228
2018-08-08,2018-08-08 21:29:18,58.2447,16.5552
2018-08-08,2018-08-08 21:29:18,58.2295,16.5587
2018-08-08,2018-08-08 21:29:23,58.0294,16.0886
2018-08-08,2018-08-08 21:29:23,58.026,16.0892
2018-08-08,2018-08-08 21:29:26,57.9079,16.1659
2018-08-08,2018-08-08 21:29:36,58.0166,15.7351
2018-08-08,2018-08-08 21:29:36,58.0113,15.7392
2018-08-08,2018-08-08 21:29:36,58.0124,15.741
2018-08-08,2018-08-08 21:29:36,58.0123,15.7388
2018-08-08,2018-08-08 21:29:36,58.0185,15.7428
2018-08-08,2018-08-08 21:29:36,58.2606,16.2176
2018-08-08,2018-08-08 21:29:36,58.011,15.7407
2018-08-08,2018-08-08 21:29:36,58.015,15.7354
2018-08-08,2018-08-08 21:29:36,58.0101,15.8148
2018-08-08,2018-08-08 21:29:37,58.0166,15.7374
2018-08-08,2018-08-08 21:29:37,57.9096,15.7116
2018-08-08,2018-08-08 21:29:37,58.0135,15.7895
2018-08-08,2018-08-08 21:29:58,58.0132,15.7627
2018-08-08,2018-08-08 21:29:58,58.0239,15.7719
2018-08-08,2018-08-08 21:30:05,57.9684,15.782
2018-08-08,2018-08-08 21:30:05,57.969,15.7805
2018-08-08,2018-08-08 21:30:19,58.0305,15.8
2018-08-08,2018-08-08 21:30:38,58.0691,15.451
2018-08-08,2018-08-08 21:30:46,57.9974,15.8667
2018-08-08,2018-08-08 21:30:58,58.0636,16.8647
2018-08-08,2018-08-08 21:31:09,58.0041,15.8911
2018-08-08,2018-08-08 21:31:10,58.0075,15.8944
2018-08-08,2018-08-08 21:31:10,58.0083,15.8932
2018-08-08,2018-08-08 21:31:10,58.0003,15.8856
2018-08-08,2018-08-08 21:31:12,58.0231,16.3644
2018-08-08,2018-08-08 21:31:12,58.1428,16.2221
2018-08-08,2018-08-08 21:31:12,57.9666,16.8307
2018-08-08,2018-08-08 21:31:27,57.9083,16.4466
2018-08-08,2018-08-08 21:31:27,58.1075,16.4213
2018-08-08,2018-08-08 21:31:27,58.1059,16.4043
2018-08-08,2018-08-08 21:31:32,58.0051,15.836
2018-08-08,2018-08-08 21:31:33,58.0385,15.8651
2018-08-08,2018-08-08 21:31:42,57.9544,16.2758
2018-08-08,2018-08-08 21:31:42,58.0381,16.0076
2018-08-08,2018-08-08 21:32:08,58.0469,16.4114
2018-08-08,2018-08-08 21:32:12,58.024,16.3064
2018-08-08,2018-08-08 21:32:26,58.1022,16.4359
2018-08-08,2018-08-08 21:32:33,58.0244,15.8598
2018-08-08,2018-08-08 21:32:34,57.9076,15.7683
2018-08-08,2018-08-08 21:32:34,58.0671,16.4034
2018-08-08,2018-08-08 21:32:48,58.0436,16.398
2018-08-08,2018-08-08 21:32:49,68.9429,12.8836
2018-08-08,2018-08-08 21:32:50,58.047,15.8677
2018-08-08,2018-08-08 21:32:50,58.0478,15.8666
2018-08-08,2018-08-08 21:32:50,58.0401,15.8177
2018-08-08,2018-08-08 21:32:50,58.0452,15.8562
2018-08-08,2018-08-08 21:32:50,58.0409,15.8322
2018-08-08,2018-08-08 21:32:50,58.0512,15.8681
2018-08-08,2018-08-08 21:32:50,58.0409,15.8536
2018-08-08,2018-08-08 21:33:01,58.0369,16.0502
2018-08-08,2018-08-08 21:33:19,58.1244,16.426
2018-08-08,2018-08-08 21:33:26,58.0486,15.8501
2018-08-08,2018-08-08 21:33:32,57.9807,16.2175
2018-08-08,2018-08-08 21:33:32,57.9694,16.1753
2018-08-08,2018-08-08 21:33:41,58.0443,15.5609
2018-08-08,2018-08-08 21:33:41,58.0241,15.7005
2018-08-08,2018-08-08 21:34:33,58.045,15.8455
2018-08-08,2018-08-08 21:34:33,58.1385,15.2847
2018-08-08,2018-08-08 21:34:44,58.036,15.8521
2018-08-08,2018-08-08 21:34:52,58.1477,16.4519
2018-08-08,2018-08-08 21:34:53,58.1407,16.436
2018-08-08,2018-08-08 21:34:53,58.1424,16.4383
2018-08-08,2018-08-08 21:34:57,58.051,15.8403
2018-08-08,2018-08-08 21:34:57,58.0762,15.8367
2018-08-08,2018-08-08 21:35:02,58.1316,15.897
2018-08-08,2018-08-08 21:35:02,58.0437,15.9659
2018-08-08,2018-08-08 21:35:10,58.1199,16.394
2018-08-08,2018-08-08 21:35:10,58.1299,16.3799
2018-08-08,2018-08-08 21:35:25,58.0403,15.855
2018-08-08,2018-08-08 21:35:25,58.0491,15.8575
2018-08-08,2018-08-08 21:35:25,58.0582,15.862
2018-08-08,2018-08-08 21:35:25,58.0361,15.6433
2018-08-08,2018-08-08 21:35:25,58.0287,15.8028
2018-08-08,2018-08-08 21:35:25,58.0331,15.6094
2018-08-08,2018-08-08 21:35:25,58.0563,15.8666
2018-08-08,2018-08-08 21:35:34,58.3461,16.2077
2018-08-08,2018-08-08 21:35:34,57.9749,16.2327
2018-08-08,2018-08-08 21:35:48,58.0508,15.8418
2018-08-08,2018-08-08 21:35:48,58.0411,15.8321
2018-08-08,2018-08-08 21:36:27,68.9657,12.93
2018-08-08,2018-08-08 21:36:35,58.0483,15.8921
2018-08-08,2018-08-08 21:36:44,58.0389,16.3883
2018-08-08,2018-08-08 21:36:44,58.0572,16.4084
2018-08-08,2018-08-08 21:36:44,58.0869,16.3775
2018-08-08,2018-08-08 21:36:54,58.1469,16.4755
2018-08-08,2018-08-08 21:36:59,58.09,16.2504
2018-08-08,2018-08-08 21:36:59,58.0858,16.2446
2018-08-08,2018-08-08 21:37:09,57.9783,15.7844
2018-08-08,2018-08-08 21:37:10,57.969,15.334
2018-08-08,2018-08-08 21:37:18,58.21,16.4273
2018-08-08,2018-08-08 21:37:25,58.2877,16.4687
2018-08-08,2018-08-08 21:37:25,58.1452,16.3746
2018-08-08,2018-08-08 21:37:39,58.0647,15.8651
2018-08-08,2018-08-08 21:37:39,58.0705,15.8409
2018-08-08,2018-08-08 21:37:49,58.1008,16.2511
2018-08-08,2018-08-08 21:37:57,57.9595,15.8857
2018-08-08,2018-08-08 21:38:12,58.2489,18.0044
2018-08-08,2018-08-08 21:38:29,58.1836,16.4788
2018-08-08,2018-08-08 21:38:29,58.1843,16.4874
2018-08-08,2018-08-08 21:38:38,58.0998,15.9075
2018-08-08,2018-08-08 21:38:39,58.1117,15.9225
2018-08-08,2018-08-08 21:38:52,58.1037,16.2861
2018-08-08,2018-08-08 21:38:52,58.1158,16.2983
2018-08-08,2018-08-08 21:38:52,58.0888,16.2735
2018-08-08,2018-08-08 21:38:52,58.0829,16.2942
2018-08-08,2018-08-08 21:39:08,58.3145,16.6149
2018-08-08,2018-08-08 21:39:10,58.0089,15.553
2018-08-08,2018-08-08 21:39:10,58.0282,15.5337
2018-08-08,2018-08-08 21:39:10,58.0274,15.5856
2018-08-08,2018-08-08 21:40:06,58.0994,15.6888
2018-08-08,2018-08-08 21:40:06,58.0929,15.6962
2018-08-08,2018-08-08 21:40:06,58.0891,15.6845
2018-08-08,2018-08-08 21:40:06,58.0865,15.6851
2018-08-08,2018-08-08 21:40:11,58.1861,16.3385
2018-08-08,2018-08-08 21:40:11,58.1868,16.3496
2018-08-08,2018-08-08 21:40:11,58.1892,16.3556
2018-08-08,2018-08-08 21:40:11,58.1876,16.3599
2018-08-08,2018-08-08 21:40:35,58.0817,15.896
2018-08-08,2018-08-08 21:40:36,58.1481,15.8324
2018-08-08,2018-08-08 21:40:46,58.0853,16.4055
2018-08-08,2018-08-08 21:40:54,58.1603,16.3686
2018-08-08,2018-08-08 21:41:18,58.0779,15.7653
2018-08-08,2018-08-08 21:41:18,58.0834,15.7129
2018-08-08,2018-08-08 21:41:18,58.1356,15.7252
2018-08-08,2018-08-08 21:41:18,58.0582,15.718
2018-08-08,2018-08-08 21:41:18,58.0955,15.809
2018-08-08,2018-08-08 21:41:18,58.0794,15.7652
2018-08-08,2018-08-08 21:41:18,58.0785,15.7663
2018-08-08,2018-08-08 21:41:18,58.1049,15.7788
2018-08-08,2018-08-08 21:41:18,58.1103,15.8761
2018-08-08,2018-08-08 21:41:19,58.135,16.4495
2018-08-08,2018-08-08 21:41:19,58.1026,16.4305
2018-08-08,2018-08-08 21:41:19,58.0972,16.4055
2018-08-08,2018-08-08 21:41:19,57.919,15.807
2018-08-08,2018-08-08 21:41:46,58.1442,15.9944
2018-08-08,2018-08-08 21:41:58,58.1346,16.2323
2018-08-08,2018-08-08 21:42:15,58.0886,16.0076
2018-08-08,2018-08-08 21:42:33,58.1781,16.3963
2018-08-08,2018-08-08 21:42:33,58.1907,16.3981
2018-08-08,2018-08-08 21:42:34,58.1905,16.4114
2018-08-08,2018-08-08 21:42:34,58.1882,16.3986
2018-08-08,2018-08-08 21:42:34,58.1909,16.4103
2018-08-08,2018-08-08 21:42:34,58.1905,16.412
2018-08-08,2018-08-08 21:43:19,58.139,16.255
2018-08-08,2018-08-08 21:43:19,58.1422,16.2669
2018-08-08,2018-08-08 21:43:19,58.1266,16.263
2018-08-08,2018-08-08 21:43:41,58.1221,15.8769
2018-08-08,2018-08-08 21:43:42,57.9677,15.597
2018-08-08,2018-08-08 21:43:42,57.9683,15.5969
2018-08-08,2018-08-08 21:43:42,57.9682,15.5979
2018-08-08,2018-08-08 21:43:44,58.1987,16.4186
2018-08-08,2018-08-08 21:43:44,58.0798,16.2699
2018-08-08,2018-08-08 21:43:44,58.1068,16.2164
2018-08-08,2018-08-08 21:43:44,58.3467,16.5706
2018-08-08,2018-08-08 21:43:44,58.1984,16.4221
2018-08-08,2018-08-08 21:45:18,58.1232,15.9046
2018-08-08,2018-08-08 21:45:18,58.1145,15.9213
2018-08-08,2018-08-08 21:45:25,58.153,16.2831
2018-08-08,2018-08-08 21:45:25,58.152,16.2953
2018-08-08,2018-08-08 21:45:33,58.2096,16.4334
2018-08-08,2018-08-08 21:45:50,58.1447,15.8788
2018-08-08,2018-08-08 21:45:50,58.1183,16.2257
2018-08-08,2018-08-08 21:45:50,58.1154,16.2377
2018-08-08,2018-08-08 21:45:51,58.1651,15.9021
2018-08-08,2018-08-08 21:45:51,58.1563,15.8869
2018-08-08,2018-08-08 21:46:14,58.135,16.0504
2018-08-08,2018-08-08 21:46:34,58.2119,16.3933
2018-08-08,2018-08-08 21:46:34,58.2002,16.3972
2018-08-08,2018-08-08 21:46:35,58.2014,16.3953
2018-08-08,2018-08-08 21:46:40,58.139,15.9697
2018-08-08,2018-08-08 21:46:40,58.1401,15.9726
2018-08-08,2018-08-08 21:46:40,58.1419,15.9751
2018-08-08,2018-08-08 21:46:47,58.1369,16.1662
2018-08-08,2018-08-08 21:46:47,58.1277,16.1375
2018-08-08,2018-08-08 21:46:47,58.1329,16.1441
2018-08-08,2018-08-08 21:47:10,58.1462,15.9247
2018-08-08,2018-08-08 21:47:10,58.3781,16.6998
2018-08-08,2018-08-08 21:47:10,58.2128,15.8892
2018-08-08,2018-08-08 21:47:10,58.1694,15.838
2018-08-08,2018-08-08 21:47:55,58.1393,16.0753
2018-08-08,2018-08-08 21:47:55,58.1354,16.0479
2018-08-08,2018-08-08 21:48:10,58.1399,16.3448
2018-08-08,2018-08-08 21:48:25,58.1595,15.8767
2018-08-08,2018-08-08 21:48:26,58.2797,16.1564
2018-08-08,2018-08-08 21:48:26,57.9594,15.0925
2018-08-08,2018-08-08 21:48:26,58.0947,15.1399
2018-08-08,2018-08-08 21:48:27,58.3886,15.4484
2018-08-08,2018-08-08 21:48:31,58.1671,16.299
2018-08-08,2018-08-08 21:48:58,58.4037,16.6251
2018-08-08,2018-08-08 21:49:02,58.2883,16.2585
2018-08-08,2018-08-08 21:49:12,58.1674,16.2582
2018-08-08,2018-08-08 21:49:12,58.1661,16.2582
2018-08-08,2018-08-08 21:49:13,58.2045,16.3665
2018-08-08,2018-08-08 21:49:18,58.1862,16.0322
2018-08-08,2018-08-08 21:49:18,58.1849,16.0318
2018-08-08,2018-08-08 21:49:18,58.19,16.0969
2018-08-08,2018-08-08 21:49:25,58.1322,16.3219
2018-08-08,2018-08-08 21:49:25,58.1025,16.3876
2018-08-08,2018-08-08 21:49:26,58.1457,16.3656
2018-08-08,2018-08-08 21:49:51,58.2056,16.369
2018-08-08,2018-08-08 21:49:54,58.1922,15.9753
2018-08-08,2018-08-08 21:50:08,58.1713,16.3674
2018-08-08,2018-08-08 21:50:32,58.238,16.3895
2018-08-08,2018-08-08 21:50:32,58.1211,16.5386
2018-08-08,2018-08-08 21:50:32,58.2303,16.3834
2018-08-08,2018-08-08 21:50:37,58.1683,15.9248
2018-08-08,2018-08-08 21:50:37,58.154,15.8627
2018-08-08,2018-08-08 21:50:37,58.0086,15.7959
2018-08-08,2018-08-08 21:50:37,58.1336,15.9656
2018-08-08,2018-08-08 21:50:37,58.1332,15.9639
2018-08-08,2018-08-08 21:50:37,58.1778,15.9275
2018-08-08,2018-08-08 21:50:37,58.1351,15.9632
2018-08-08,2018-08-08 21:50:37,58.1733,15.9283
2018-08-08,2018-08-08 21:50:37,58.1724,15.9327
2018-08-08,2018-08-08 21:50:38,58.1789,16.2396
2018-08-08,2018-08-08 21:50:38,58.1897,16.2962
2018-08-08,2018-08-08 21:50:54,58.2067,16.361
2018-08-08,2018-08-08 21:50:54,58.198,16.3554
2018-08-08,2018-08-08 21:50:54,58.2017,16.3524
2018-08-08,2018-08-08 21:50:54,58.2086,16.3617
2018-08-08,2018-08-08 21:50:54,58.2073,16.3609
2018-08-08,2018-08-08 21:50:54,58.204,16.3478
2018-08-08,2018-08-08 21:51:35,58.4024,15.6443
2018-08-08,2018-08-08 21:51:35,58.3892,15.612
2018-08-08,2018-08-08 21:51:53,58.1468,15.9927
2018-08-08,2018-08-08 21:51:53,58.0997,15.5486
2018-08-08,2018-08-08 21:51:53,58.1493,15.9923
2018-08-08,2018-08-08 21:51:54,58.1488,16.0016
2018-08-08,2018-08-08 21:51:54,58.1475,15.9958
2018-08-08,2018-08-08 21:51:54,58.1516,16.0057
2018-08-08,2018-08-08 21:51:54,58.1544,16.0082
2018-08-08,2018-08-08 21:52:35,58.074,16.0813
2018-08-08,2018-08-08 21:52:40,58.2617,16.4843
2018-08-08,2018-08-08 21:52:41,58.1906,16.4894
2018-08-08,2018-08-08 21:53:01,58.1725,16.1122
2018-08-08,2018-08-08 21:53:37,58.1887,15.9502
2018-08-08,2018-08-08 21:53:37,58.1935,15.9529
2018-08-08,2018-08-08 21:53:52,58.2045,16.3045
2018-08-08,2018-08-08 21:53:57,58.2281,16.3723
2018-08-08,2018-08-08 21:54:15,58.1726,16.0149
2018-08-08,2018-08-08 21:54:15,58.1805,16.0
2018-08-08,2018-08-08 21:54:47,58.2896,16.3647
2018-08-08,2018-08-08 21:54:58,58.1942,15.9689
2018-08-08,2018-08-08 21:54:58,58.2288,15.9443
2018-08-08,2018-08-08 21:54:58,58.2038,15.889
2018-08-08,2018-08-08 21:55:12,58.1891,16.3084
2018-08-08,2018-08-08 21:55:12,58.1866,16.3109
2018-08-08,2018-08-08 21:55:12,58.1903,16.3057
2018-08-08,2018-08-08 21:55:12,58.1883,16.2993
2018-08-08,2018-08-08 21:55:12,58.0418,15.5076
2018-08-08,2018-08-08 21:55:12,58.1961,16.3166
2018-08-08,2018-08-08 21:55:12,58.1907,16.3015
2018-08-08,2018-08-08 21:55:12,58.1776,16.3286
2018-08-08,2018-08-08 21:55:38,58.0004,16.4326
2018-08-08,2018-08-08 21:55:51,58.1295,16.2678
2018-08-08,2018-08-08 21:55:58,58.2699,16.4074
2018-08-08,2018-08-08 21:56:16,58.1113,16.6969
2018-08-08,2018-08-08 21:56:40,58.2101,15.9647
2018-08-08,2018-08-08 21:56:40,58.1902,15.9355
2018-08-08,2018-08-08 21:57:01,58.041,15.4037
2018-08-08,2018-08-08 21:57:01,58.1136,15.2785
2018-08-08,2018-08-08 21:57:01,57.9328,15.38
2018-08-08,2018-08-08 21:57:01,58.1119,15.2794
2018-08-08,2018-08-08 21:57:12,58.2319,16.5872
2018-08-08,2018-08-08 21:57:46,58.3064,16.3973
2018-08-08,2018-08-08 21:58:04,58.3087,16.4084
2018-08-08,2018-08-08 21:58:04,58.349,16.4371
2018-08-08,2018-08-08 21:58:04,58.3024,16.4018
2018-08-08,2018-08-08 21:58:04,58.3084,16.4101
2018-08-08,2018-08-08 21:58:04,58.3082,16.4111
2018-08-08,2018-08-08 21:58:04,58.3076,16.4108
2018-08-08,2018-08-08 21:58:04,58.2956,16.4184
2018-08-08,2018-08-08 21:58:05,58.3083,16.4104
2018-08-08,2018-08-08 21:58:25,58.5617,16.6699
2018-08-08,2018-08-08 21:58:32,58.2962,16.3984
2018-08-08,2018-08-08 21:58:32,58.4764,16.6161
2018-08-08,2018-08-08 21:58:32,58.4679,16.6818
2018-08-08,2018-08-08 21:58:44,58.2261,15.8721
2018-08-08,2018-08-08 21:58:51,58.1685,16.1465
2018-08-08,2018-08-08 21:58:52,58.3163,15.8997
2018-08-08,2018-08-08 21:58:52,58.3097,15.9046
2018-08-08,2018-08-08 21:59:05,58.3107,16.4077
2018-08-08,2018-08-08 21:59:05,58.4103,16.4798
2018-08-08,2018-08-08 21:59:05,58.3012,16.426
2018-08-08,2018-08-08 21:59:05,58.3161,16.4119
2018-08-08,2018-08-08 21:59:05,58.2991,16.4367
2018-08-08,2018-08-08 21:59:06,58.3171,16.4144
2018-08-08,2018-08-08 21:59:26,58.3164,16.3746
2018-08-08,2018-08-08 22:00:36,58.361,16.4236
2018-08-08,2018-08-08 22:00:41,58.2304,16.6053
2018-08-08,2018-08-08 22:01:03,58.4052,16.4785
2018-08-08,2018-08-08 22:01:03,58.4338,16.4853
2018-08-08,2018-08-08 22:01:15,58.3702,16.2817
2018-08-08,2018-08-08 22:01:15,57.9589,16.1434
2018-08-08,2018-08-08 22:01:44,58.2497,16.51
2018-08-08,2018-08-08 22:01:44,58.2493,16.5208
2018-08-08,2018-08-08 22:01:44,58.2505,16.4805
2018-08-08,2018-08-08 22:02:01,58.1994,16.3077
2018-08-08,2018-08-08 22:02:01,58.253,15.7559
2018-08-08,2018-08-08 22:02:01,57.9022,15.4357
2018-08-08,2018-08-08 22:02:01,57.9708,15.5994
2018-08-08,2018-08-08 22:02:02,57.9695,15.5939
2018-08-08,2018-08-08 22:02:13,58.3489,16.4202
2018-08-08,2018-08-08 22:02:21,58.2901,16.3309
2018-08-08,2018-08-08 22:02:37,57.9887,16.8275
2018-08-08,2018-08-08 22:03:12,58.3559,16.4254
2018-08-08,2018-08-08 22:03:12,58.3555,16.4249
2018-08-08,2018-08-08 22:03:12,58.3561,16.4222
2018-08-08,2018-08-08 22:03:12,58.355,16.4241
2018-08-08,2018-08-08 22:03:15,57.9479,16.5835
2018-08-08,2018-08-08 22:03:16,57.9541,16.598
2018-08-08,2018-08-08 22:03:16,57.953,16.594
2018-08-08,2018-08-08 22:03:49,58.1451,16.3024
2018-08-08,2018-08-08 22:04:16,58.3684,16.445
2018-08-08,2018-08-08 22:04:16,58.3774,16.4216
2018-08-08,2018-08-08 22:04:16,58.4985,16.5124
2018-08-08,2018-08-08 22:04:16,58.3464,16.4107
2018-08-08,2018-08-08 22:04:16,58.3448,16.3985
2018-08-08,2018-08-08 22:04:16,58.3403,16.4145
2018-08-08,2018-08-08 22:04:17,58.2902,16.2141
2018-08-08,2018-08-08 22:04:17,58.3609,16.0203
2018-08-08,2018-08-08 22:04:17,58.2823,16.24
2018-08-08,2018-08-08 22:04:17,58.3528,16.4079
2018-08-08,2018-08-08 22:05:00,58.4925,16.5121
2018-08-08,2018-08-08 22:05:28,58.4311,16.4551
2018-08-08,2018-08-08 22:05:37,58.194,15.6691
2018-08-08,2018-08-08 22:05:37,58.2328,15.6991
2018-08-08,2018-08-08 22:05:51,58.3614,16.5886
2018-08-08,2018-08-08 22:05:51,58.3773,16.4385
2018-08-08,2018-08-08 22:05:52,58.5718,16.5983
2018-08-08,2018-08-08 22:05:52,58.5697,16.5996
2018-08-08,2018-08-08 22:05:52,58.5586,16.6703
2018-08-08,2018-08-08 22:06:22,58.3003,16.0989
2018-08-08,2018-08-08 22:06:22,58.3623,16.536
2018-08-08,2018-08-08 22:06:22,58.1949,15.876
2018-08-08,2018-08-08 22:06:22,58.4024,16.3969
2018-08-08,2018-08-08 22:07:06,58.4216,16.4197
2018-08-08,2018-08-08 22:07:06,58.4049,16.4436
2018-08-08,2018-08-08 22:07:19,58.3793,16.4055
2018-08-08,2018-08-08 22:07:30,58.5953,16.6833
2018-08-08,2018-08-08 22:07:47,58.3081,16.4443
2018-08-08,2018-08-08 22:07:47,58.2937,16.4649
2018-08-08,2018-08-08 22:07:47,58.2164,16.4939
2018-08-08,2018-08-08 22:07:48,58.5411,15.817
2018-08-08,2018-08-08 22:07:48,58.3171,16.404
2018-08-08,2018-08-08 22:07:48,58.1401,16.338
2018-08-08,2018-08-08 22:08:36,58.3704,16.4024
2018-08-08,2018-08-08 22:08:36,58.4009,16.3852
2018-08-08,2018-08-08 22:08:36,58.395,16.3783
2018-08-08,2018-08-08 22:08:36,58.3993,16.3841
2018-08-08,2018-08-08 22:08:36,58.4007,16.3848
2018-08-08,2018-08-08 22:08:36,58.3903,16.3795
2018-08-08,2018-08-08 22:08:36,58.3952,16.3668
2018-08-08,2018-08-08 22:08:36,58.3996,16.3826
2018-08-08,2018-08-08 22:09:27,58.4459,16.488
2018-08-08,2018-08-08 22:09:27,58.0493,16.631
2018-08-08,2018-08-08 22:09:27,58.3012,16.3407
2018-08-08,2018-08-08 22:10:24,58.2172,16.4817
2018-08-08,2018-08-08 22:10:25,58.2146,16.4675
2018-08-08,2018-08-08 22:10:25,58.21,16.4278
2018-08-08,2018-08-08 22:10:25,58.2201,16.478
2018-08-08,2018-08-08 22:10:25,58.161,16.3981
2018-08-08,2018-08-08 22:10:26,58.2353,16.4883
2018-08-08,2018-08-08 22:10:26,58.3408,16.4942
2018-08-08,2018-08-08 22:11:26,58.5573,16.5695
2018-08-08,2018-08-08 22:11:56,58.3631,16.4277
2018-08-08,2018-08-08 22:11:56,58.3665,16.3237
2018-08-08,2018-08-08 22:11:57,58.4688,16.0307
2018-08-08,2018-08-08 22:13:08,58.6384,16.6401
2018-08-08,2018-08-08 22:13:09,58.5212,16.5482
2018-08-08,2018-08-08 22:13:15,58.4282,16.4226
2018-08-08,2018-08-08 22:13:40,58.4857,16.4727
2018-08-08,2018-08-08 22:13:40,58.4771,16.4606
2018-08-08,2018-08-08 22:13:40,58.4623,16.4886
2018-08-08,2018-08-08 22:14:19,58.663,16.6321
2018-08-08,2018-08-08 22:14:19,58.6504,16.676
2018-08-08,2018-08-08 22:14:19,58.6604,16.6638
2018-08-08,2018-08-08 22:14:19,58.661,16.6378
2018-08-08,2018-08-08 22:14:40,58.1056,16.4201
2018-08-08,2018-08-08 22:14:40,58.2735,15.7033
2018-08-08,2018-08-08 22:14:40,58.0897,16.4313
2018-08-08,2018-08-08 22:14:40,58.3019,15.7257
2018-08-08,2018-08-08 22:14:40,58.1148,16.4319
2018-08-08,2018-08-08 22:14:55,58.6428,16.6838
2018-08-08,2018-08-08 22:15:01,58.4102,16.6411
2018-08-08,2018-08-08 22:17:00,58.5152,16.3726
2018-08-08,2018-08-08 22:17:00,58.1161,16.6471
2018-08-08,2018-08-08 22:17:00,58.5423,16.2922
2018-08-08,2018-08-08 22:17:18,58.3572,16.6171
2018-08-08,2018-08-08 22:17:26,58.4648,16.7147
2018-08-08,2018-08-08 22:18:50,58.3007,16.5035
2018-08-08,2018-08-08 22:18:50,58.2096,16.4442
2018-08-08,2018-08-08 22:18:50,58.2708,16.4325
2018-08-08,2018-08-08 22:19:28,58.6731,16.5407
2018-08-08,2018-08-08 22:19:29,58.6194,16.4616
2018-08-08,2018-08-08 22:19:30,58.381,16.0045
2018-08-08,2018-08-08 22:19:56,58.1427,16.6139
2018-08-08,2018-08-08 22:19:57,58.1529,16.6282
2018-08-08,2018-08-08 22:19:57,58.1452,16.6317
2018-08-08,2018-08-08 22:20:19,58.3649,16.5064
2018-08-08,2018-08-08 22:20:19,58.3706,16.4989
2018-08-08,2018-08-08 22:20:21,58.4045,16.1968
2018-08-08,2018-08-08 22:20:21,58.3228,16.1373
2018-08-08,2018-08-08 22:20:21,58.3479,16.3092
2018-08-08,2018-08-08 22:20:21,58.3223,16.133
2018-08-08,2018-08-08 22:20:21,58.3259,16.1501
2018-08-08,2018-08-08 22:20:21,58.3269,16.1444
2018-08-08,2018-08-08 22:20:21,58.3262,16.1466
2018-08-08,2018-08-08 22:20:21,58.4091,16.1936
2018-08-08,2018-08-08 22:20:32,58.4763,16.7077
2018-08-08,2018-08-08 22:20:32,58.4794,16.7542
2018-08-08,2018-08-08 22:21:01,58.6831,16.6347
2018-08-08,2018-08-08 22:21:01,58.6928,16.7199
2018-08-08,2018-08-08 22:21:01,58.7383,16.5149
2018-08-08,2018-08-08 22:22:15,58.5556,16.7453
2018-08-08,2018-08-08 22:22:16,58.4339,15.8861
2018-08-08,2018-08-08 22:22:32,58.1732,16.6652
2018-08-08,2018-08-08 22:22:32,58.1764,16.6615
2018-08-08,2018-08-08 22:22:33,58.1738,16.6653
2018-08-08,2018-08-08 22:23:10,58.7245,16.5567
2018-08-08,2018-08-08 22:23:36,58.5247,16.523
2018-08-08,2018-08-08 22:24:55,58.6973,16.5378
2018-08-08,2018-08-08 22:24:58,58.6399,16.5996
2018-08-08,2018-08-08 22:24:59,58.4763,16.4282
2018-08-08,2018-08-08 22:26:05,58.3577,16.5547
2018-08-08,2018-08-08 22:26:07,58.2918,16.448
2018-08-08,2018-08-08 22:26:07,58.2729,16.0711
2018-08-08,2018-08-08 22:26:37,58.5201,16.6906
2018-08-08,2018-08-08 22:27:42,58.4454,15.8959
2018-08-08,2018-08-08 22:27:42,58.3723,16.4893
2018-08-08,2018-08-08 22:27:42,58.4628,15.8145
2018-08-08,2018-08-08 22:27:42,58.7091,16.1133
2018-08-08,2018-08-08 22:27:42,58.5699,16.3187
2018-08-08,2018-08-08 22:27:57,58.1313,16.6979
2018-08-08,2018-08-08 22:27:57,58.1592,16.7106
2018-08-08,2018-08-08 22:27:57,58.1613,16.7098
2018-08-08,2018-08-08 22:27:58,58.2206,16.6002
2018-08-08,2018-08-08 22:27:58,58.1625,16.6911
2018-08-08,2018-08-08 22:27:58,58.2222,16.6092
2018-08-08,2018-08-08 22:27:59,58.2145,16.5927
2018-08-08,2018-08-08 22:27:59,58.124,16.1131
2018-08-08,2018-08-08 22:28:08,58.5656,16.6408
2018-08-08,2018-08-08 22:30:03,58.6229,16.6414
2018-08-08,2018-08-08 22:30:03,58.6328,16.5271
2018-08-08,2018-08-08 22:32:18,58.3682,16.6129
2018-08-08,2018-08-08 22:32:18,58.4661,16.352
2018-08-08,2018-08-08 22:32:18,58.332,16.6156
2018-08-08,2018-08-08 22:32:19,58.5121,16.7684
2018-08-08,2018-08-08 22:32:20,58.1932,16.3451
2018-08-08,2018-08-08 22:35:32,58.1835,17.0335
2018-08-08,2018-08-08 22:35:32,58.4092,16.6255
2018-08-08,2018-08-08 22:35:32,58.5881,16.8298
2018-08-08,2018-08-08 22:35:32,58.3869,16.596
2018-08-08,2018-08-08 22:35:32,58.4591,16.529
2018-08-08,2018-08-08 22:37:11,58.2892,16.4869
2018-08-08,2018-08-08 22:37:12,58.3793,16.5557
2018-08-08,2018-08-08 22:37:12,58.4102,16.1959
2018-08-08,2018-08-08 22:39:53,58.4323,16.6327
2018-08-08,2018-08-08 22:39:53,58.4629,16.643
2018-08-08,2018-08-08 22:39:53,58.4385,16.6191
2018-08-08,2018-08-08 22:39:53,58.4795,16.6243
2018-08-08,2018-08-08 22:41:19,58.6544,16.7776
2018-08-08,2018-08-08 22:41:19,58.4596,16.5407
2018-08-08,2018-08-08 22:41:19,58.4969,16.3764
2018-08-08,2018-08-08 22:43:28,58.3554,16.65
2018-08-08,2018-08-08 22:43:29,58.0375,15.9625
2018-08-08,2018-08-08 22:43:29,58.2413,15.9793
2018-08-08,2018-08-08 22:45:31,58.8655,16.9512
2018-08-08,2018-08-08 22:45:52,58.499,16.6232
2018-08-08,2018-08-08 22:45:52,58.5049,16.6003
2018-08-08,2018-08-08 22:51:01,58.9086,17.0787
2018-08-08,2018-08-08 22:51:02,58.6836,16.4765
2018-08-08,2018-08-08 22:51:02,58.6792,16.4636
2018-08-08,2018-08-08 22:51:02,58.6194,16.008
2018-08-08,2018-08-08 22:51:03,58.5759,16.1032
2018-08-08,2018-08-08 22:52:29,58.5107,16.6907
2018-08-08,2018-08-08 22:52:29,58.5109,16.6908
2018-08-08,2018-08-08 22:52:29,58.5269,16.675
2018-08-08,2018-08-08 22:55:18,58.9483,17.0836
2018-08-08,2018-08-08 22:55:18,58.9287,17.0477
2018-08-08,2018-08-08 22:55:18,59.0915,17.2178
2018-08-08,2018-08-08 22:55:57,58.5639,16.5835
2018-08-08,2018-08-08 22:56:21,58.3122,16.8148
2018-08-08,2018-08-08 22:57:22,58.9704,17.0903
2018-08-08,2018-08-08 22:57:22,58.9156,16.6523
2018-08-08,2018-08-08 22:57:23,58.7419,16.9317
2018-08-08,2018-08-08 22:57:23,58.9501,17.0907
2018-08-08,2018-08-08 22:57:30,59.1129,17.1659
2018-08-08,2018-08-08 23:00:00,58.5997,16.6566
2018-08-08,2018-08-08 23:00:01,58.7773,16.8564
2018-08-08,2018-08-08 23:01:04,59.139,17.2122
2018-08-08,2018-08-08 23:01:04,59.1352,17.2123
2018-08-08,2018-08-08 23:08:43,59.07,17.1549
2018-08-08,2018-08-08 23:09:38,59.68,17.4855
2018-08-08,2018-08-08 23:13:13,57.9344,17.5003
2018-08-08,2018-08-08 23:13:28,58.4916,16.8461
2018-08-08,2018-08-08 23:14:19,59.2676,17.3505
2018-08-08,2018-08-08 23:14:19,59.6893,16.5301
2018-08-08,2018-08-08 23:14:19,59.3018,17.3151
2018-08-08,2018-08-08 23:14:45,59.5939,17.3974
2018-08-08,2018-08-08 23:15:33,58.4746,16.846
2018-08-08,2018-08-08 23:15:52,66.2426,6.43
2018-08-08,2018-08-08 23:16:39,58.4923,16.8869
2018-08-08,2018-08-08 23:16:39,58.4921,16.8852
2018-08-08,2018-08-08 23:17:43,58.5278,16.1938
2018-08-08,2018-08-08 23:17:43,58.6442,16.4015
2018-08-08,2018-08-08 23:17:43,58.6424,16.3526
2018-08-08,2018-08-08 23:19:36,58.5356,16.9703
2018-08-08,2018-08-08 23:20:49,67.9121,22.28
2018-08-08,2018-08-08 23:20:49,67.918,22.2587
2018-08-08,2018-08-08 23:20:49,67.9125,22.2801
2018-08-08,2018-08-08 23:22:54,67.9199,22.2916
2018-08-08,2018-08-08 23:24:23,58.6047,16.9517
2018-08-08,2018-08-08 23:24:23,58.6018,16.9605
2018-08-08,2018-08-08 23:24:43,59.3323,13.1575
2018-08-08,2018-08-08 23:25:15,58.0051,17.5685
2018-08-08,2018-08-08 23:25:32,57.9496,17.5782
2018-08-08,2018-08-08 23:26:07,67.9311,22.3868
2018-08-08,2018-08-08 23:26:07,67.8946,22.4358
2018-08-08,2018-08-08 23:28:25,58.0775,16.8795
2018-08-08,2018-08-08 23:28:25,58.0905,16.9164
2018-08-08,2018-08-08 23:28:43,67.9644,22.3878
2018-08-08,2018-08-08 23:28:43,67.9662,22.3805
2018-08-08,2018-08-08 23:29:53,57.9941,17.5593
2018-08-08,2018-08-08 23:29:53,57.982,17.5565
2018-08-08,2018-08-08 23:29:53,57.9853,17.5552
2018-08-08,2018-08-08 23:30:27,67.9636,22.4238
2018-08-08,2018-08-08 23:30:28,67.9835,22.3845
2018-08-08,2018-08-08 23:32:07,67.9722,22.419
2018-08-08,2018-08-08 23:32:24,58.1016,16.9068
2018-08-08,2018-08-08 23:32:24,58.1027,16.9217
2018-08-08,2018-08-08 23:32:24,58.1223,16.9392
2018-08-08,2018-08-08 23:32:59,68.0002,22.4425
2018-08-08,2018-08-08 23:33:59,68.037,22.4024
2018-08-08,2018-08-08 23:34:19,58.0271,17.6198
2018-08-08,2018-08-08 23:35:35,58.0668,17.6326
2018-08-08,2018-08-08 23:35:47,68.0585,22.4008
2018-08-08,2018-08-08 23:35:47,68.0136,22.5716
2018-08-08,2018-08-08 23:35:47,68.0309,22.3561
2018-08-08,2018-08-08 23:35:54,58.1071,16.949
2018-08-08,2018-08-08 23:35:54,58.0897,16.9612
2018-08-08,2018-08-08 23:37:26,58.0005,17.63
2018-08-08,2018-08-08 23:38:01,67.9927,22.5405
2018-08-08,2018-08-08 23:39:07,58.7116,17.0092
2018-08-08,2018-08-08 23:39:07,58.7192,17.045
2018-08-08,2018-08-08 23:39:09,67.9989,22.5557
2018-08-08,2018-08-08 23:40:04,58.7548,17.0488
2018-08-08,2018-08-08 23:40:04,58.7307,17.0414
2018-08-08,2018-08-08 23:40:07,62.283,10.5558
2018-08-08,2018-08-08 23:40:07,62.282,10.5308
2018-08-08,2018-08-08 23:40:07,62.2815,10.5497
2018-08-08,2018-08-08 23:40:07,62.3045,10.5295
2018-08-08,2018-08-08 23:40:07,62.2753,10.5467
2018-08-08,2018-08-08 23:41:31,58.7264,17.0542
2018-08-08,2018-08-08 23:41:34,68.1065,22.6443
2018-08-08,2018-08-08 23:41:34,68.0163,22.5821
2018-08-08,2018-08-08 23:41:34,68.0068,22.5943
2018-08-08,2018-08-08 23:41:34,68.0458,22.6295
2018-08-08,2018-08-08 23:41:47,58.1321,17.6291
2018-08-08,2018-08-08 23:42:38,68.0171,22.5847
2018-08-08,2018-08-08 23:42:38,68.0349,22.5254
2018-08-08,2018-08-08 23:43:33,58.7321,17.1444
2018-08-08,2018-08-08 23:43:45,68.022,22.6013
2018-08-08,2018-08-08 23:45:22,58.7658,17.1108
2018-08-08,2018-08-08 23:45:27,68.0242,22.5778
2018-08-08,2018-08-08 23:45:27,68.0223,22.5533
2018-08-08,2018-08-08 23:45:27,68.0263,22.5797
2018-08-08,2018-08-08 23:46:55,68.101,22.4565
2018-08-08,2018-08-08 23:46:55,68.0377,22.5895
2018-08-08,2018-08-08 23:47:05,58.7866,17.1332
2018-08-08,2018-08-08 23:47:05,58.1939,17.7033
2018-08-08,2018-08-08 23:47:48,62.7981,18.5503
2018-08-08,2018-08-08 23:49:55,68.0362,22.6494
2018-08-08,2018-08-08 23:49:55,68.0056,22.6563
2018-08-08,2018-08-08 23:50:51,68.0253,22.591
2018-08-08,2018-08-08 23:50:51,68.1106,22.5204
2018-08-08,2018-08-08 23:50:57,59.932,17.8846
2018-08-08,2018-08-08 23:51:08,60.5031,17.5934
2018-08-08,2018-08-08 23:52:30,68.0493,22.6616
2018-08-08,2018-08-08 23:52:30,68.0724,22.6509
2018-08-08,2018-08-08 23:52:30,68.0453,22.6597
2018-08-08,2018-08-08 23:52:30,68.0458,22.6661
2018-08-08,2018-08-08 23:52:42,58.7184,16.1378
2018-08-08,2018-08-08 23:52:42,58.853,17.0861
2018-08-08,2018-08-08 23:52:42,58.8641,17.0519
2018-08-08,2018-08-08 23:54:15,68.0534,22.6529
2018-08-08,2018-08-08 23:54:15,68.061,22.648
2018-08-08,2018-08-08 23:54:39,60.5406,17.6198
2018-08-08,2018-08-08 23:54:39,60.489,17.6113
2018-08-08,2018-08-08 23:55:44,58.8063,16.9042
2018-08-08,2018-08-08 23:55:44,58.8722,17.0865
2018-08-08,2018-08-08 23:56:06,58.9578,17.1778
2018-08-08,2018-08-08 23:56:47,58.2989,17.7116
2018-08-08,2018-08-08 23:56:47,58.3042,17.7031
2018-08-08,2018-08-08 23:57:15,68.0767,22.6437
2018-08-08,2018-08-08 23:57:24,58.8871,17.2545
2018-08-08,2018-08-08 23:58:29,68.0002,22.7775
2018-08-08,2018-08-08 23:58:29,68.0257,22.822
2018-08-08,2018-08-08 23:58:50,62.9018,18.679
2018-08-08,2018-08-08 23:58:50,62.8706,18.7053
2018-08-08,2018-08-08 23:58:50,62.8783,18.6823
2018-08-08,2018-08-08 23:58:50,62.8811,18.6989
2018-08-08,2018-08-08 23:58:50,62.882,18.7505
2018-08-08,2018-08-08 23:59:44,58.9055,17.2219
2018-08-08,2018-08-08 23:59:44,58.9025,17.2631
2018-08-08,2018-08-08 23:59:44,59.1179,17.3122
2018-08-08,2018-08-08 23:59:44,58.8965,17.2723
2018-08-08,2018-08-08 23:59:48,58.1901,17.7063
